1464
917
336
1308
117
2283
1513
1013
1775
484
1788
1445
1534
1856
2339
343
1696
1821
937
1959
2139
462
1073
51
326
2284
2278
2255
1889
272
101
1222
745
108
2000
1087
309
1907
1978
1761
669
2031
1390
13
390
876
1017
92
369
2293
865
998
2410
1333
714
411
2447
1902
964
1824
1682
1615
2134
2081
1363
850
1694
1909
1648
451
867
2277
1091
2235
2400
1797
2269
177
1718
598
1759
1452
2272
563
978
1990
2373
1851
2346
2257
2266
2425
606
938
2025
698
1068
824
1537
2243
1656
1542
1169
612
717
1267
1550
1553
2114
63
1081
886
1779
1806
2370
1683
2015
729
678
950
2322
1028
634
2429
198
1334
600
844
1127
469
62
60
1649
290
1246
1066
535
521
1982
487
1512
507
797
2151
1247
1377
629
2411
144
1034
2404
1077
893
1608
918
1979
879
1198
232
120
2298
1630
382
1552
1604
506
869
915
1857
1231
599
423
280
1307
501
1854
1949
783
738
664
1418
217
1075
2407
663
1616
2209
1277
1655
805
2351
1360
402
2264
2438
2179
461
34
1677
458
2202
1262
2070
1178
1346
1102
243
990
449
1295
276
1551
1354
1822
368
2115
1506
1770
761
2247
1221
792
59
1818
2324
1898
1095
1835
900
1479
1216
1570
167
216
1124
407
1943
1469
1930
1289
1362
1147
2091
1265
1143
292
447
573
1495
1193
1766
656
1197
2344
1602
114
421
275
842
2318
1155
1776
164
1702
2250
607
456
2172
540
2311
718
1607
779
2160
1634
965
2239
122
2445
171
700
614
2419
1832
1997
304
919
1526
2217
1964
1319
946
1156
263
291
578
737
1904
1210
586
209
1846
1410
140
416
376
2312
810
854
721
138
185
1581
67
431
1309
237
560
1477
88
478
1927
936
2062
202
1501
637
2072
224
1740
2149
286
2251
1109
9
1042
1925
2132
859
130
2131
1915
2104
2106
2220
99
1278
1380
1985
627
2010
1659
386
543
430
949
2122
1510
2387
739
889
1502
2426
1203
1781
1932
1778
2189
278
2470
1167
2055
1569
1714
1680
999
1435
960
338
891
1284
1869
1801
1080
2100
236
1139
1494
2402
1187
1226
1015
1516
94
29
1392
713
2120
40
238
1843
1992
1299
1568
1919
1546
1192
622
225
52
874
1007
2170
1955
57
2068
1208
1020
1937
1063
1557
246
1691
958
1492
189
864
1056
2127
766
1717
675
1815
145
429
1441
1300
1074
908
2288
192
1901
1125
1867
660
1831
690
1411
1673
2334
2300
1108
82
1083
401
329
980
796
604
2282
1094
2396
1515
2289
227
267
2342
2260
562
959
574
1421
1646
2187
1684
2229
1903
2135
870
2056
2212
2136
1520
2467
985
24
242
296
199
1137
2175
328
692
1891
1268
2227
1726
317
2333
1842
1763
1736
2051
134
988
424
726
1000
2013
346
593
1149
1496
509
1538
1885
353
1836
1666
1344
259
1929
1989
577
333
2406
1810
26
1271
1555
2147
621
2195
86
2328
1176
1359
1587
258
2420
1011
531
12
128
1881
945
2385
477
2181
2241
1472
2359
943
1027
1528
1337
1597
1792
749
2164
2094
93
1993
1474
1633
1962
772
2446
549
1368
1111
442
1053
2430
1966
733
373
899
608
2159
1920
1928
274
162
502
1582
967
868
1499
916
835
1700
2383
249
1316
2045
361
605
2038
646
953
400
1689
1397
1681
211
849
1215
2011
315
1370
628
519
1913
1685
730
752
1654
1580
1746
1358
2218
2398
1750
1738
645
264
1812
1431
763
22
1229
370
1661
244
596
813
2192
696
2393
1620
193
1733
2392
1088
2084
1164
2173
1353
831
345
1129
2287
90
161
567
785
597
1860
1058
287
747
1313
7
1385
530
1862
1453
1072
1182
439
882
342
158
2335
136
1565
1304
412
508
1816
1707
1482
2003
1428
727
742
1923
279
2254
536
934
334
2291
265
1266
2023
616
732
2390
1041
624
1575
2368
2095
2304
764
66
1645
579
1416
1151
1079
428
1876
703
183
1365
1202
1005
1093
538
2146
44
2017
1096
107
2144
1090
694
98
569
1505
525
420
1406
2059
1285
1571
2286
1114
1239
1438
2326
440
1789
788
2075
1321
405
997
1858
1803
1234
1224
1480
268
860
643
438
1318
489
2460
2008
2347
221
4
1160
1663
1150
1259
197
486
2457
2156
1921
815
1853
1376
2066
1434
2305
2397
436
520
1947
845
613
157
179
2280
774
129
27
1916
2141
1617
2022
2367
1463
251
1439
1688
2203
1
1444
1276
1877
2083
817
2263
527
479
1237
1540
97
1886
2026
1483
623
603
1145
228
77
176
1002
1022
1261
2223
630
454
903
555
2238
245
550
418
702
1386
1747
2259
1065
491
2350
1598
1772
2047
2265
1984
1706
281
231
1378
1711
1348
2388
2190
757
941
1341
2088
1163
1030
388
337
1643
25
210
515
547
1427
1522
1170
1584
907
2167
1286
2007
981
1161
989
790
2372
269
564
722
553
905
769
1977
1263
750
2089
1730
379
2313
395
473
1476
2140
1033
68
2273
312
385
594
1425
1751
1436
1514
1507
1951
2371
313
1180
1432
1395
331
2138
775
476
681
308
784
1895
682
1687
1967
1635
415
1473
806
1238
2394
2171
1664
987
734
686
756
125
1251
947
1784
2043
1820
944
1329
1290
8
1954
816
1116
1743
1622
1754
2065
1327
1504
840
10
1038
1032
172
2439
2079
1991
1595
1024
2432
1097
2299
2036
1771
901
615
2143
1976
42
5
759
1475
743
1773
1588
1627
426
124
2409
1031
2378
904
1897
2459
2105
1809
250
548
1207
863
1953
834
1950
194
1638
168
1447
1855
2364
384
1591
1018
1292
709
1048
1521
705
2331
1146
2099
1311
233
1981
425
1412
1342
2153
391
2168
1545
1841
878
2252
2458
2468
625
1256
2317
1450
818
393
1731
1609
351
2185
2294
1471
2
2463
1260
1232
1523
1872
141
1941
1405
444
1183
1162
54
2276
2386
1106
2303
208
2201
109
1509
1564
812
1765
131
1172
2274
288
1948
1374
2416
2126
1880
677
1999
1938
1578
1749
218
679
2142
2323
2306
1315
1451
43
984
2356
75
640
19
398
111
1023
1414
902
1490
516
1381
1136
1813
1624
1698
2414
591
17
1660
2019
1314
300
396
200
119
557
2163
1644
1973
837
1839
1755
1621
76
2207
1527
18
822
1233
704
223
32
803
565
862
777
2199
87
28
2169
683
826
2271
132
1548
1310
2444
2130
619
1389
2321
1103
1069
689
110
873
1442
1541
1270
2182
50
2196
659
1716
1356
1640
2063
952
1399
1493
195
188
1177
1279
1312
1443
641
1217
892
1134
1306
1574
1699
1942
153
155
2050
798
1611
1272
996
1212
360
776
332
1060
404
1926
354
1625
1280
685
2228
1429
951
1884
695
1619
2004
2109
150
801
455
1729
1409
1283
1933
293
2307
524
1110
2193
861
2018
890
881
349
618
977
1051
931
1742
1430
2186
804
532
214
819
2338
314
2145
1213
39
2421
374
1672
505
2035
100
1235
435
1879
1647
1667
940
1708
954
2449
2285
1407
582
1199
924
1135
2256
1847
2403
1401
1012
409
771
1228
452
2413
1585
207
853
1758
2417
1489
1257
175
1324
1225
2076
239
2310
1599
1883
1614
1566
1437
302
320
1036
558
408
1562
1721
1712
781
566
133
795
460
1934
1190
583
498
1632
814
2061
556
1029
920
927
1826
1641
1379
433
699
1355
2302
341
318
1456
14
2275
2093
289
1728
2200
1413
1710
635
1138
1264
667
2441
1366
517
494
173
1214
1662
2231
363
1037
1245
2048
710
2012
528
37
2166
139
1157
2102
1009
1328
1511
1596
1417
1457
1404
2110
2455
1003
1675
975
1636
723
352
1500
719
2461
658
1814
1724
570
1741
468
875
2039
1175
1281
362
1519
610
880
294
2033
2116
1498
344
765
2450
1829
1297
2249
1887
298
260
2316
322
1576
20
1804
1179
1639
929
576
2462
1960
1336
254
1403
253
1838
1291
2224
340
1133
1811
571
1908
1679
2440
271
1890
1352
1275
589
910
1340
1996
2297
16
1303
1695
2290
676
1974
2376
1734
974
1774
961
2165
2210
684
1470
2465
371
526
1834
1563
963
2428
123
2180
463
537
1419
2261
1790
1561
2422
282
2052
1061
1796
159
2053
270
1345
966
470
69
151
1559
154
1191
1764
1026
2443
1487
2375
1693
1230
1956
2107
2433
481
639
782
1491
399
906
2258
1085
166
1006
116
65
30
2267
2085
394
1043
146
1799
1317
1845
234
1105
957
1802
1347
1209
1330
821
36
1988
650
330
366
1965
2030
909
2002
410
305
2154
1335
1323
64
638
1936
47
2469
427
1391
2205
112
266
1112
707
1692
1807
419
1530
2453
283
1089
1371
2246
829
1653
885
1049
2121
1848
380
1449
252
89
2448
1939
1195
2222
1795
1768
833
1594
807
358
1830
1004
1423
1398
2006
1892
1117
347
1705
787
926
1823
1025
2198
1485
492
1424
993
1055
2412
2319
2071
1686
1332
670
56
1852
81
417
1720
1010
2016
2158
1098
820
2206
1910
1762
1986
230
1793
229
1676
657
1282
2357
1670
1739
196
1882
464
1302
898
887
654
780
135
285
671
41
1067
2348
1905
1211
2113
539
466
500
467
514
1888
2308
1737
219
1253
2380
1350
434
896
182
1019
2415
1874
2024
1244
1258
1532
2366
1844
979
1113
665
1745
1426
1911
1415
2233
601
261
316
1338
45
1783
1983
706
828
1454
21
2129
877
2118
725
911
375
503
1864
971
1917
587
2128
1668
359
753
2270
1422
561
1227
1665
1154
1503
2391
585
2124
497
581
115
126
2384
2184
1980
152
2451
1115
994
1517
2098
1791
1757
602
1223
674
948
1592
1396
846
1752
973
921
866
2028
2044
542
1185
2221
2226
2242
2466
1987
2111
1613
84
262
215
666
755
472
1657
378
1547
235
118
15
1159
240
541
1629
895
2253
2037
592
1850
2336
1357
2292
1466
823
1819
2087
799
1618
2232
2327
2215
1727
1400
1433
3
912
414
2315
1171
2150
493
387
512
2431
1062
1273
187
247
297
2363
897
1586
2191
724
2382
2296
2155
1935
1142
510
754
1045
995
203
2314
1828
922
1383
991
1205
744
534
839
617
1878
325
762
1572
1567
2309
962
697
1248
580
310
644
58
768
441
403
668
1099
1583
1969
711
1118
1092
2148
633
2213
2381
2041
838
1753
311
631
1168
894
1722
1166
73
127
1719
1871
655
572
204
1601
483
1130
1972
1070
1589
716
61
914
1544
1071
767
1952
1325
1767
324
2177
35
2001
1628
793
1642
2395
2060
1375
1827
2096
1539
1467
1922
584
102
794
1777
1200
1148
1082
2354
791
165
38
1554
1590
933
1121
1525
295
2108
715
1529
872
611
2188
1549
986
1455
672
992
1735
181
1701
773
1382
432
321
389
1786
884
307
1794
2337
1704
1650
2101
1518
2369
1250
972
1372
1610
406
2236
2046
1531
552
857
1440
72
2268
1104
1458
1543
201
1497
48
2399
2379
1140
760
174
1035
1600
2230
1393
212
392
802
2174
1122
1181
2329
758
1486
1612
2178
356
2069
647
364
928
2343
2320
178
1769
1849
1603
0
1294
1623
33
811
474
327
568
1478
2362
1606
847
277
1837
1709
1669
554
1204
2020
1868
651
1713
595
590
2279
1817
1459
720
1840
1388
459
1174
1468
1119
1924
740
2436
1914
1780
808
1448
2103
1658
2214
1825
2245
2117
1893
1165
2427
1808
241
843
968
255
1298
422
339
2029
350
800
2054
1201
2133
888
180
2057
2352
1274
2237
830
2073
149
736
662
1875
855
1301
712
2137
1970
1132
2058
942
632
2244
1158
1678
856
319
770
983
1446
2442
2049
848
190
1188
2456
982
1384
851
930
688
2325
2353
1189
1240
6
213
1524
2341
1906
1573
2080
2097
1484
1039
1593
609
1369
372
559
1798
1144
1219
955
575
2067
2301
23
306
1958
103
1367
488
301
2464
1128
1946
2074
923
2021
1800
437
1288
1859
2027
1373
2355
256
1254
2418
1101
105
1488
70
1697
2077
2092
1243
825
809
2358
832
680
2009
1671
626
687
2332
1078
2034
2377
490
1756
2204
1833
1044
2435
970
2374
1995
1339
956
1186
1894
355
1994
1052
121
184
1968
523
335
1387
1255
367
1126
2389
1320
156
443
786
2361
2086
545
2119
735
1558
480
1236
1076
2194
1536
1351
827
78
522
1560
1896
1805
1873
2014
191
858
1296
1242
83
1912
852
511
1064
2424
789
1040
1305
925
226
1703
2330
1349
1196
1940
2423
1690
2248
2042
2225
457
1054
741
2434
1723
1744
2197
53
445
1626
1287
1141
653
163
2240
1269
1508
913
518
55
1107
1361
1637
649
104
1001
1782
1206
976
357
383
1057
471
2211
1900
1556
1326
661
80
2032
708
2064
1084
1748
932
222
1331
49
673
446
1293
2123
2295
1046
1394
1866
1462
1971
142
381
1465
778
546
2176
1364
1961
143
205
1918
79
1481
1631
485
513
2408
74
1674
1865
160
1008
1861
95
2365
1420
248
284
365
186
303
751
2162
2040
1460
148
841
2152
701
377
2082
2234
731
1785
413
2340
2349
1123
323
529
2183
969
2437
691
620
1715
482
2005
551
746
1402
871
1016
1870
2219
642
91
1086
1173
1931
1241
1252
588
71
1153
495
1343
1021
544
652
448
935
85
1220
504
348
2216
1014
46
1579
147
2157
2401
2405
2208
465
1957
1975
496
169
1059
273
1899
1732
206
2090
499
1944
2360
2345
1651
2452
1131
453
2078
1408
257
2262
31
1577
1945
748
2125
1184
1249
170
397
1605
1050
1725
1047
1533
1535
533
96
2112
1998
2454
836
2161
113
1194
636
1322
1652
1760
1863
1963
1152
939
1100
1461
299
220
693
728
2471
1787
648
883
1120
475
2281
137
106
11
1218
450