6 | 21 | 9 | 41 | 36
9 | 41 | 22 | 44 | 35 | 36
22 | 12 | 39 | 43 | 36
14 | 2 | 34 | 45 | 36 | 19
1 | 33 | 22 | 11 | 36
6 | 9 | 27 | 39 | 16 | 23 | 36
14 | 45 | 16 | 36 | 19 | 4
20 | 1 | 6 | 35 | 11 | 36
5 | 10 | 6 | 27 | 39 | 36 | 19
1 | 13 | 41 | 17 | 44 | 36
42 | 37 | 2 | 17 | 40 | 26
37 | 2 | 7 | 40 | 26 | 23
22 | 43 | 26 | 36 | 15
6 | 9 | 32 | 36 | 15
37 | 6 | 2 | 40 | 26 | 19 | 47
41 | 2 | 34 | 17 | 36 | 19
42 | 38 | 2 | 17 | 26 | 36
37 | 13 | 2 | 17 | 39 | 31 | 43
0 | 25 | 20 | 11 | 47
38 | 16 | 26 | 36 | 19 | 4 | 47
6 | 9 | 41 | 16 | 36 | 47
28 | 17 | 44 | 11 | 36 | 4
20 | 6 | 28 | 41 | 36 | 47
24 | 41 | 44 | 23 | 36
5 | 20 | 28 | 13 | 41 | 36
20 | 6 | 9 | 27 | 39 | 36 | 47
10 | 37 | 6 | 17 | 39 | 31 | 43
1 | 6 | 38 | 16 | 26 | 23 | 36
9 | 2 | 34 | 45 | 23 | 36
33 | 22 | 39 | 43 | 36
24 | 41 | 17 | 44 | 36
25 | 13 | 39 | 3 | 43
42 | 37 | 21 | 39 | 30
1 | 21 | 13 | 32 | 36
46 | 6 | 9 | 27 | 39 | 36
29 | 1 | 45 | 17 | 22 | 36
41 | 36 | 19 | 4 | 15
25 | 14 | 45 | 18 | 16
14 | 20 | 1 | 6 | 45 | 36
10 | 37 | 17 | 22 | 39 | 31 | 43
5 | 24 | 20 | 45 | 36
25 | 6 | 11 | 19 | 15
6 | 33 | 9 | 41 | 36
36 | 41 | 0 | 12
5 | 18 | 16 | 11 | 36
17 | 44 | 27 | 39 | 36 | 19 | 4
5 | 10 | 37 | 39 | 18 | 30
29 | 41 | 17 | 18 | 36
10 | 28 | 41 | 17 | 22 | 36
37 | 1 | 6 | 16 | 40 | 26 | 23
0 | 37 | 21 | 40 | 26
9 | 41 | 36 | 4 | 15
37 | 6 | 9 | 39 | 16 | 23 | 30
29 | 1 | 6 | 11 | 36 | 47
25 | 46 | 11 | 19 | 4
0 | 37 | 41 | 12 | 31
5 | 37 | 6 | 9 | 44 | 40 | 26
25 | 14 | 6 | 41 | 2 | 19
10 | 42 | 25 | 41 | 23
25 | 6 | 12 | 39 | 43
37 | 2 | 7 | 40 | 26 | 47
1 | 6 | 44 | 27 | 39 | 23 | 36
37 | 20 | 1 | 13 | 45 | 17 | 31
37 | 9 | 2 | 17 | 22 | 39 | 30
5 | 6 | 44 | 11 | 36 | 19
5 | 42 | 25 | 20 | 41
6 | 16 | 11 | 36 | 19 | 47
37 | 9 | 41 | 31 | 4 | 15
6 | 39 | 16 | 43 | 23 | 36
29 | 1 | 13 | 41 | 36 | 47
25 | 41 | 2 | 7 | 47
5 | 37 | 9 | 22 | 44 | 40 | 26
1 | 6 | 32 | 17 | 44 | 36
5 | 38 | 9 | 22 | 44 | 26 | 36
10 | 25 | 6 | 45 | 17 | 19
5 | 20 | 6 | 9 | 32 | 36
25 | 6 | 9 | 41 | 2 | 23
36 | 11 | 15 | 24
5 | 10 | 42 | 38 | 26 | 36
27 | 7 | 39 | 36 | 15
9 | 17 | 22 | 44 | 27 | 39 | 36
10 | 37 | 17 | 39 | 30 | 19 | 4
5 | 10 | 6 | 38 | 26 | 36 | 19
1 | 6 | 21 | 32 | 36
37 | 7 | 39 | 30 | 15
37 | 9 | 41 | 17 | 44 | 31 | 4
37 | 9 | 16 | 40 | 26 | 4 | 47
25 | 9 | 41 | 2 | 17 | 22
1 | 6 | 38 | 16 | 26 | 36 | 47
20 | 38 | 9 | 26 | 36 | 4 | 47
6 | 9 | 2 | 17 | 27 | 39 | 36
37 | 6 | 9 | 41 | 16 | 31 | 47
5 | 13 | 32 | 16 | 36 | 19
0 | 37 | 44 | 31 | 11 | 23
6 | 45 | 36 | 19 | 15
14 | 2 | 34 | 39 | 43 | 36
10 | 1 | 22 | 27 | 39 | 36 | 47
24 | 45 | 16 | 23 | 36
20 | 38 | 7 | 26 | 36 | 47
37 | 20 | 1 | 6 | 17 | 40 | 26
5 | 25 | 20 | 45 | 7
0 | 37 | 14 | 44 | 40 | 26
6 | 28 | 41 | 2 | 36 | 47
10 | 39 | 35 | 43 | 36 | 4
34 | 39 | 16 | 43 | 23 | 36
45 | 25 | 18 | 3
33 | 9 | 45 | 22 | 36
21 | 9 | 34 | 45 | 36
38 | 13 | 16 | 26 | 36 | 19 | 47
29 | 41 | 7 | 23 | 36
13 | 2 | 17 | 27 | 39 | 36 | 19
14 | 39 | 16 | 43 | 36 | 4
0 | 37 | 14 | 20 | 45 | 31
5 | 10 | 42 | 37 | 40 | 26
6 | 38 | 9 | 3 | 26 | 36
37 | 2 | 17 | 22 | 39 | 31 | 43
37 | 21 | 9 | 40 | 26 | 4
0 | 10 | 27 | 39 | 36 | 47
22 | 39 | 43 | 36 | 15
6 | 41 | 44 | 35 | 36 | 19
6 | 9 | 2 | 45 | 35 | 36
22 | 12 | 43 | 26 | 36
9 | 41 | 22 | 3 | 36
6 | 38 | 9 | 2 | 26 | 23 | 36
41 | 2 | 17 | 7 | 36
28 | 13 | 45 | 36 | 15
37 | 7 | 39 | 3 | 30
6 | 3 | 11 | 36 | 19
37 | 2 | 17 | 18 | 31 | 11
42 | 20 | 17 | 11 | 36
20 | 41 | 7 | 35 | 36
1 | 41 | 22 | 12 | 36
0 | 10 | 25 | 45 | 23
10 | 32 | 18 | 36 | 47
25 | 1 | 13 | 41 | 16 | 23
6 | 12 | 39 | 43 | 36
5 | 20 | 27 | 7 | 39 | 36
1 | 6 | 33 | 41 | 36
37 | 6 | 39 | 3 | 31 | 43
1 | 34 | 17 | 44 | 11 | 36
42 | 37 | 16 | 31 | 11 | 23
13 | 2 | 32 | 17 | 36 | 19
29 | 45 | 17 | 18 | 36
10 | 37 | 6 | 41 | 31 | 19 | 47
0 | 25 | 16 | 11 | 47
37 | 14 | 1 | 22 | 44 | 39 | 30
41 | 25 | 0 | 15
37 | 20 | 6 | 9 | 39 | 30 | 47
20 | 32 | 17 | 7 | 36
0 | 10 | 37 | 17 | 39 | 30
5 | 25 | 6 | 45 | 16 | 19
25 | 14 | 41 | 44 | 19 | 4
6 | 28 | 41 | 44 | 23 | 36
37 | 21 | 9 | 39 | 30 | 4
37 | 39 | 18 | 30 | 15
10 | 1 | 6 | 45 | 23 | 36
9 | 41 | 2 | 22 | 35 | 36
0 | 37 | 14 | 39 | 16 | 30
28 | 41 | 36 | 4 | 15
41 | 2 | 7 | 23 | 36
37 | 14 | 1 | 6 | 44 | 40 | 26
10 | 17 | 43 | 26 | 36 | 4
42 | 32 | 16 | 23 | 36
38 | 2 | 18 | 26 | 36 | 47
9 | 34 | 45 | 3 | 36
20 | 1 | 34 | 11 | 36 | 47
9 | 41 | 44 | 35 | 36 | 4
36 | 45 | 15 | 7
10 | 37 | 17 | 40 | 26 | 19 | 4
46 | 9 | 22 | 27 | 39 | 36
41 | 16 | 36 | 19 | 4 | 47
1 | 34 | 11 | 36 | 15
10 | 42 | 41 | 35 | 36
0 | 37 | 39 | 16 | 30 | 47
0 | 20 | 17 | 27 | 39 | 36
37 | 2 | 45 | 17 | 18 | 31
20 | 9 | 45 | 17 | 36 | 4
10 | 27 | 39 | 18 | 36 | 47
25 | 41 | 17 | 44 | 18
6 | 41 | 3 | 36 | 19
5 | 42 | 25 | 16 | 11
29 | 17 | 18 | 11 | 36
25 | 2 | 18 | 11 | 47
37 | 9 | 2 | 45 | 17 | 22 | 31
14 | 20 | 39 | 43 | 36 | 4
10 | 37 | 39 | 31 | 43 | 23 | 4
37 | 20 | 6 | 17 | 39 | 31 | 43
37 | 2 | 18 | 31 | 11 | 47
25 | 2 | 45 | 7 | 23
24 | 14 | 2 | 45 | 36
25 | 6 | 45 | 19 | 15
20 | 1 | 13 | 45 | 17 | 36
36 | 45 | 3 | 24
25 | 14 | 6 | 39 | 16 | 43
5 | 6 | 38 | 9 | 44 | 26 | 36
37 | 6 | 2 | 39 | 31 | 43 | 23
28 | 13 | 41 | 16 | 23 | 36
36 | 11 | 0 | 46
5 | 37 | 7 | 16 | 40 | 26
37 | 41 | 3 | 18 | 31
37 | 6 | 2 | 31 | 11 | 19 | 47
42 | 37 | 20 | 17 | 39 | 30
37 | 14 | 6 | 41 | 44 | 31 | 19
10 | 1 | 6 | 32 | 17 | 36
20 | 6 | 39 | 35 | 43 | 36
9 | 41 | 17 | 44 | 36 | 4
20 | 1 | 41 | 34 | 17 | 36
12 | 43 | 26 | 36 | 4
28 | 13 | 41 | 17 | 44 | 36
37 | 1 | 22 | 12 | 40 | 26
5 | 28 | 41 | 22 | 44 | 36
25 | 39 | 16 | 43 | 23 | 4
46 | 1 | 38 | 13 | 26 | 36
5 | 13 | 16 | 43 | 26 | 36
14 | 1 | 32 | 22 | 44 | 36
10 | 37 | 1 | 6 | 17 | 39 | 30
10 | 43 | 26 | 23 | 36 | 4
1 | 38 | 13 | 26 | 36 | 15
13 | 41 | 16 | 36 | 19 | 47
1 | 6 | 38 | 17 | 44 | 26 | 36
37 | 1 | 41 | 17 | 22 | 44 | 31
37 | 46 | 1 | 13 | 41 | 31
46 | 32 | 36 | 19 | 4
42 | 37 | 16 | 40 | 26 | 23
25 | 20 | 9 | 45 | 17 | 4
37 | 2 | 45 | 17 | 7 | 31
10 | 25 | 1 | 41 | 17 | 22
10 | 37 | 1 | 17 | 22 | 40 | 26
25 | 21 | 39 | 43 | 4
46 | 6 | 9 | 41 | 36
45 | 36 | 19 | 4 | 15
25 | 1 | 6 | 21 | 11
0 | 14 | 32 | 44 | 36
10 | 41 | 17 | 18 | 36
9 | 41 | 16 | 23 | 36 | 4
46 | 1 | 22 | 27 | 39 | 36
37 | 1 | 13 | 16 | 40 | 26 | 23
9 | 32 | 22 | 16 | 36 | 47
29 | 9 | 45 | 17 | 22 | 36
37 | 41 | 7 | 16 | 31 | 47
0 | 37 | 44 | 40 | 26 | 23
10 | 42 | 25 | 41 | 17
10 | 37 | 6 | 41 | 17 | 31 | 19
9 | 41 | 2 | 22 | 36 | 47
14 | 1 | 6 | 32 | 44 | 36
14 | 41 | 18 | 16 | 36
37 | 41 | 12 | 18 | 31
46 | 9 | 41 | 34 | 36
37 | 45 | 7 | 3 | 31
10 | 1 | 6 | 41 | 17 | 36
0 | 10 | 25 | 45 | 17
10 | 34 | 39 | 43 | 23 | 36
25 | 1 | 22 | 11 | 15
38 | 9 | 16 | 26 | 36 | 4 | 47
37 | 39 | 31 | 43 | 4 | 15
24 | 20 | 41 | 36 | 47
1 | 22 | 27 | 12 | 39 | 36
5 | 44 | 18 | 11 | 36
42 | 37 | 21 | 31 | 11
37 | 14 | 6 | 44 | 40 | 26 | 19
45 | 25 | 0 | 21
14 | 6 | 2 | 27 | 39 | 36 | 19
0 | 41 | 16 | 23 | 36
37 | 14 | 2 | 22 | 39 | 31 | 43
37 | 9 | 40 | 26 | 4 | 15
13 | 2 | 32 | 36 | 19 | 47
13 | 32 | 36 | 19 | 15
25 | 6 | 2 | 17 | 39 | 43
1 | 17 | 22 | 44 | 11 | 36
5 | 10 | 37 | 6 | 40 | 26 | 19
5 | 42 | 20 | 27 | 39 | 36
6 | 2 | 17 | 39 | 43 | 36
0 | 14 | 29 | 45 | 36
37 | 13 | 16 | 40 | 26 | 19 | 47
5 | 37 | 18 | 16 | 40 | 26
37 | 12 | 18 | 40 | 26
6 | 9 | 27 | 39 | 36 | 15
24 | 14 | 41 | 44 | 36
6 | 38 | 9 | 16 | 26 | 23 | 36
24 | 20 | 17 | 11 | 36
6 | 28 | 21 | 11 | 36
13 | 41 | 2 | 36 | 19 | 47
25 | 14 | 6 | 45 | 16 | 19
10 | 6 | 17 | 27 | 39 | 36 | 19
9 | 45 | 22 | 36 | 15
32 | 36 | 19 | 4 | 15
25 | 14 | 41 | 18 | 16
6 | 28 | 21 | 45 | 36
37 | 1 | 6 | 21 | 45 | 31
10 | 25 | 6 | 41 | 17 | 19
14 | 1 | 6 | 32 | 16 | 36
5 | 37 | 44 | 39 | 18 | 30
1 | 6 | 44 | 35 | 11 | 36
14 | 29 | 1 | 41 | 22 | 36
41 | 25 | 0 | 12
5 | 44 | 27 | 39 | 18 | 36
34 | 45 | 3 | 36 | 19
25 | 1 | 45 | 22 | 15
37 | 22 | 39 | 3 | 31 | 43
46 | 9 | 41 | 36 | 4
24 | 2 | 17 | 11 | 36
5 | 6 | 27 | 39 | 16 | 36 | 19
0 | 38 | 17 | 44 | 26 | 36
0 | 29 | 41 | 36 | 47
1 | 13 | 41 | 36 | 15
41 | 17 | 44 | 36 | 19 | 4
10 | 37 | 1 | 6 | 17 | 40 | 26
0 | 38 | 12 | 26 | 36
0 | 45 | 35 | 16 | 36
2 | 17 | 22 | 39 | 43 | 36
24 | 2 | 11 | 23 | 36
5 | 29 | 18 | 11 | 36
5 | 42 | 37 | 16 | 31 | 11
41 | 34 | 12 | 36 | 19
42 | 29 | 17 | 11 | 36
5 | 10 | 34 | 45 | 36 | 19
27 | 39 | 3 | 18 | 36
25 | 41 | 12 | 19 | 4
9 | 41 | 22 | 16 | 36 | 47
41 | 2 | 7 | 35 | 36
20 | 28 | 11 | 36 | 4 | 47
25 | 14 | 6 | 41 | 44 | 19
13 | 39 | 16 | 43 | 23 | 36
37 | 45 | 31 | 19 | 4 | 15
0 | 27 | 12 | 39 | 36
37 | 13 | 39 | 30 | 19 | 15
0 | 20 | 45 | 35 | 36
25 | 6 | 2 | 17 | 11 | 19
1 | 41 | 34 | 44 | 23 | 36
1 | 6 | 27 | 39 | 16 | 23 | 36
37 | 14 | 6 | 41 | 16 | 31 | 19
24 | 2 | 11 | 36 | 47
37 | 1 | 6 | 40 | 26 | 15
9 | 41 | 34 | 16 | 23 | 36
36 | 41 | 0 | 21
5 | 10 | 42 | 25 | 41
1 | 6 | 38 | 21 | 26 | 36
10 | 37 | 1 | 45 | 17 | 22 | 31
0 | 25 | 14 | 41 | 16
33 | 11 | 36 | 19 | 4
5 | 6 | 45 | 16 | 36 | 19
6 | 9 | 41 | 2 | 17 | 36
37 | 6 | 41 | 2 | 31 | 19 | 47
25 | 9 | 41 | 22 | 16 | 47
37 | 6 | 21 | 9 | 39 | 30
41 | 44 | 7 | 35 | 36
37 | 39 | 30 | 19 | 4 | 15
37 | 1 | 13 | 44 | 39 | 23 | 30
14 | 29 | 6 | 45 | 36 | 19
46 | 6 | 41 | 36 | 19
9 | 2 | 34 | 45 | 17 | 36
1 | 6 | 27 | 39 | 36 | 15
36 | 45 | 12 | 24
25 | 1 | 41 | 22 | 12
10 | 42 | 41 | 17 | 36
21 | 43 | 26 | 36 | 4
25 | 13 | 2 | 45 | 17 | 19
37 | 20 | 17 | 7 | 40 | 26
37 | 6 | 21 | 9 | 40 | 26
1 | 6 | 21 | 11 | 36
5 | 10 | 37 | 41 | 18 | 31
14 | 34 | 45 | 16 | 36 | 19
37 | 14 | 1 | 6 | 45 | 16 | 31
5 | 9 | 41 | 34 | 16 | 36
10 | 42 | 38 | 17 | 26 | 36
10 | 6 | 28 | 45 | 23 | 36
0 | 10 | 37 | 45 | 31 | 23
1 | 6 | 38 | 44 | 26 | 23 | 36
14 | 29 | 41 | 36 | 19 | 4
37 | 6 | 9 | 45 | 16 | 31 | 23
6 | 28 | 44 | 11 | 23 | 36
1 | 6 | 45 | 16 | 23 | 36
1 | 6 | 21 | 45 | 36
45 | 25 | 15 | 7
45 | 25 | 18 | 15
1 | 6 | 41 | 36 | 15
38 | 2 | 17 | 18 | 26 | 36
10 | 6 | 28 | 41 | 23 | 36
41 | 25 | 7 | 21
37 | 13 | 41 | 3 | 31 | 19
37 | 14 | 41 | 44 | 31 | 19 | 4
37 | 9 | 41 | 44 | 31 | 23 | 4
6 | 9 | 41 | 2 | 23 | 36
37 | 21 | 39 | 31 | 43 | 4
25 | 6 | 21 | 9 | 41
24 | 20 | 11 | 36 | 47
37 | 12 | 39 | 31 | 43 | 4
25 | 22 | 39 | 43 | 15
37 | 6 | 45 | 31 | 19 | 15
37 | 22 | 12 | 39 | 31 | 43
11 | 25 | 15 | 42
5 | 13 | 39 | 16 | 43 | 36
38 | 17 | 44 | 7 | 26 | 36
0 | 20 | 41 | 17 | 36
36 | 11 | 0 | 33
6 | 35 | 16 | 11 | 36 | 19
28 | 22 | 16 | 11 | 36 | 47
5 | 9 | 45 | 22 | 16 | 36
28 | 41 | 12 | 36 | 4
33 | 39 | 43 | 36 | 4
37 | 45 | 7 | 31 | 15
37 | 1 | 6 | 41 | 17 | 44 | 31
42 | 37 | 14 | 20 | 39 | 30
10 | 37 | 39 | 30 | 19 | 4 | 47
25 | 1 | 6 | 44 | 11 | 23
37 | 20 | 1 | 13 | 39 | 30 | 47
46 | 1 | 6 | 27 | 39 | 36
13 | 27 | 39 | 3 | 36 | 19
20 | 28 | 41 | 17 | 36 | 4
36 | 11 | 18 | 3
5 | 10 | 42 | 27 | 39 | 36
25 | 22 | 39 | 3 | 43
14 | 20 | 6 | 43 | 26 | 36
1 | 6 | 38 | 12 | 26 | 36
1 | 32 | 22 | 12 | 36
37 | 13 | 2 | 40 | 26 | 19 | 47
38 | 12 | 26 | 36 | 19 | 4
10 | 6 | 41 | 35 | 36 | 19
46 | 1 | 6 | 38 | 26 | 36
5 | 45 | 18 | 16 | 36
37 | 13 | 2 | 17 | 39 | 30 | 19
36 | 45 | 8
37 | 45 | 12 | 31 | 19 | 4
29 | 9 | 41 | 17 | 22 | 36
29 | 6 | 17 | 39 | 43 | 36
41 | 7 | 35 | 16 | 36
13 | 39 | 35 | 16 | 43 | 36
25 | 1 | 13 | 41 | 44 | 23
37 | 14 | 6 | 44 | 39 | 30 | 19
0 | 37 | 14 | 20 | 41 | 31
0 | 25 | 45 | 16 | 23
27 | 7 | 39 | 16 | 23 | 36
37 | 1 | 13 | 44 | 40 | 26 | 23
5 | 24 | 41 | 16 | 36
28 | 22 | 11 | 36 | 15
0 | 10 | 37 | 40 | 26 | 23
37 | 20 | 1 | 13 | 41 | 17 | 31
28 | 45 | 36 | 4 | 15
14 | 44 | 27 | 39 | 36 | 19 | 4
37 | 9 | 17 | 44 | 40 | 26 | 4
29 | 41 | 7 | 36 | 47
5 | 10 | 25 | 6 | 41 | 19
42 | 37 | 20 | 41 | 17 | 31
6 | 9 | 41 | 36 | 15
25 | 46 | 1 | 13 | 41
37 | 7 | 16 | 40 | 26 | 47
25 | 20 | 41 | 17 | 7
9 | 41 | 34 | 16 | 36 | 47
25 | 6 | 3 | 11 | 19
14 | 6 | 38 | 16 | 26 | 36 | 19
38 | 9 | 2 | 22 | 26 | 36 | 47
37 | 20 | 7 | 39 | 30 | 47
41 | 44 | 35 | 18 | 36
5 | 6 | 32 | 44 | 36 | 19
44 | 35 | 11 | 36 | 19 | 4
17 | 44 | 18 | 11 | 36
20 | 9 | 41 | 17 | 36 | 4
42 | 27 | 39 | 36 | 15
0 | 20 | 27 | 39 | 36 | 47
37 | 6 | 16 | 31 | 11 | 19 | 47
5 | 6 | 41 | 44 | 36 | 19
6 | 9 | 45 | 16 | 23 | 36
0 | 37 | 17 | 44 | 40 | 26
37 | 1 | 6 | 17 | 44 | 40 | 26
27 | 12 | 39 | 18 | 36
0 | 29 | 11 | 36 | 47
37 | 20 | 6 | 9 | 41 | 17 | 31
37 | 14 | 20 | 1 | 6 | 40 | 26
21 | 9 | 32 | 36 | 4
6 | 33 | 39 | 43 | 36
1 | 32 | 22 | 16 | 36 | 47
0 | 37 | 40 | 26 | 15
25 | 13 | 39 | 43 | 15
25 | 9 | 45 | 22 | 3
5 | 22 | 16 | 43 | 26 | 36
10 | 6 | 17 | 43 | 26 | 36
38 | 13 | 17 | 44 | 26 | 36 | 19
6 | 9 | 32 | 16 | 36 | 47
1 | 6 | 41 | 44 | 35 | 36
25 | 1 | 6 | 16 | 11 | 23
1 | 6 | 38 | 26 | 36 | 15
5 | 37 | 6 | 44 | 31 | 11 | 19
37 | 1 | 41 | 22 | 16 | 31 | 47
37 | 6 | 9 | 45 | 31 | 15
9 | 41 | 34 | 36 | 15
36 | 41 | 7 | 46
46 | 27 | 7 | 39 | 36
10 | 41 | 18 | 36 | 47
14 | 32 | 44 | 18 | 36
10 | 25 | 41 | 17 | 19 | 4
5 | 25 | 13 | 45 | 16 | 19
1 | 41 | 22 | 35 | 16 | 36
25 | 46 | 1 | 22 | 11
10 | 1 | 6 | 27 | 39 | 36 | 47
42 | 37 | 41 | 16 | 31 | 23
37 | 46 | 6 | 9 | 39 | 30
14 | 1 | 38 | 22 | 44 | 26 | 36
5 | 41 | 34 | 44 | 36 | 19
25 | 1 | 6 | 45 | 15
25 | 9 | 41 | 17 | 44 | 4
14 | 22 | 16 | 43 | 26 | 36
25 | 1 | 6 | 41 | 44 | 23
25 | 1 | 6 | 17 | 44 | 11
46 | 28 | 22 | 11 | 36
9 | 32 | 36 | 4 | 15
46 | 27 | 39 | 36 | 19 | 4
36 | 45 | 15 | 24
37 | 41 | 2 | 18 | 31 | 47
25 | 14 | 1 | 6 | 41 | 16
14 | 28 | 41 | 22 | 44 | 36
32 | 16 | 36 | 19 | 4 | 47
6 | 2 | 32 | 17 | 36 | 19
37 | 17 | 44 | 31 | 11 | 19 | 4
29 | 13 | 41 | 36 | 19 | 47
25 | 1 | 45 | 22 | 12
37 | 14 | 2 | 45 | 18 | 31
32 | 18 | 16 | 36 | 47
37 | 20 | 1 | 13 | 17 | 40 | 26
10 | 1 | 6 | 27 | 39 | 23 | 36
6 | 28 | 16 | 11 | 23 | 36
36 | 11 | 18 | 15
37 | 6 | 21 | 39 | 31 | 43
6 | 21 | 9 | 27 | 39 | 36
46 | 1 | 6 | 32 | 36
29 | 1 | 41 | 22 | 36 | 47
25 | 6 | 9 | 41 | 16 | 47
10 | 25 | 45 | 17 | 18
36 | 32 | 7 | 3
10 | 28 | 45 | 17 | 36 | 4
5 | 10 | 37 | 18 | 40 | 26
14 | 1 | 6 | 45 | 16 | 36
14 | 2 | 27 | 39 | 18 | 36
37 | 14 | 6 | 39 | 16 | 30 | 19
0 | 14 | 29 | 41 | 36
37 | 9 | 2 | 22 | 40 | 26 | 47
5 | 10 | 6 | 32 | 36 | 19
10 | 1 | 45 | 17 | 22 | 36
2 | 17 | 22 | 43 | 26 | 36
5 | 41 | 7 | 16 | 36
37 | 6 | 9 | 2 | 39 | 30 | 47
6 | 28 | 41 | 2 | 17 | 36
0 | 10 | 27 | 39 | 23 | 36
36 | 0 | 32 | 12
41 | 25 | 8
42 | 14 | 38 | 16 | 26 | 36
6 | 28 | 41 | 36 | 15
37 | 1 | 6 | 45 | 31 | 15
13 | 39 | 3 | 43 | 36
5 | 10 | 25 | 6 | 39 | 43
5 | 37 | 13 | 45 | 16 | 31 | 19
25 | 14 | 20 | 39 | 43 | 4
20 | 6 | 9 | 45 | 17 | 36
25 | 41 | 19 | 4 | 15
9 | 32 | 22 | 36 | 15
0 | 37 | 16 | 40 | 26 | 23
1 | 38 | 21 | 13 | 26 | 36
0 | 10 | 38 | 26 | 36 | 47
14 | 6 | 39 | 16 | 43 | 36
0 | 29 | 45 | 17 | 36
37 | 6 | 17 | 44 | 31 | 11 | 19
25 | 6 | 17 | 44 | 11 | 19
0 | 20 | 32 | 17 | 36
37 | 9 | 41 | 2 | 17 | 22 | 31
25 | 6 | 41 | 3 | 19
25 | 20 | 13 | 17 | 39 | 43
9 | 45 | 36 | 4 | 15
20 | 9 | 41 | 35 | 36 | 4
20 | 6 | 38 | 9 | 26 | 36 | 47
13 | 41 | 17 | 44 | 36 | 19
1 | 6 | 17 | 44 | 11 | 36
1 | 6 | 32 | 16 | 23 | 36
27 | 12 | 39 | 36 | 19 | 4
37 | 41 | 2 | 7 | 31 | 47
6 | 38 | 9 | 44 | 26 | 23 | 36
37 | 6 | 12 | 39 | 31 | 43
5 | 10 | 25 | 41 | 18
20 | 28 | 13 | 41 | 17 | 36
42 | 27 | 39 | 16 | 23 | 36
46 | 9 | 41 | 22 | 36
37 | 9 | 41 | 16 | 31 | 4 | 47
6 | 28 | 45 | 36 | 15
37 | 1 | 13 | 17 | 44 | 40 | 26
21 | 34 | 39 | 43 | 36
0 | 20 | 32 | 36 | 47
20 | 1 | 13 | 41 | 36 | 47
37 | 46 | 6 | 41 | 31 | 19
10 | 37 | 41 | 17 | 18 | 31
5 | 37 | 41 | 44 | 7 | 31
5 | 37 | 44 | 18 | 40 | 26
27 | 7 | 39 | 16 | 36 | 47
28 | 13 | 45 | 3 | 36
5 | 6 | 39 | 16 | 43 | 36
6 | 9 | 45 | 35 | 16 | 36
0 | 14 | 32 | 16 | 36
5 | 42 | 37 | 20 | 31 | 11
5 | 25 | 6 | 44 | 11 | 19
5 | 10 | 41 | 34 | 36 | 19
46 | 9 | 32 | 22 | 36
9 | 45 | 22 | 35 | 16 | 36
5 | 25 | 20 | 41 | 7
10 | 17 | 27 | 39 | 36 | 19 | 4
14 | 41 | 44 | 36 | 19 | 4
29 | 6 | 9 | 41 | 23 | 36
5 | 25 | 13 | 41 | 16 | 19
13 | 43 | 26 | 36 | 15
32 | 7 | 16 | 23 | 36
42 | 25 | 41 | 2 | 23
42 | 37 | 41 | 2 | 17 | 31
37 | 9 | 39 | 30 | 4 | 15
10 | 42 | 32 | 23 | 36
42 | 37 | 14 | 2 | 39 | 30
20 | 34 | 17 | 39 | 43 | 36
11 | 25 | 18 | 3
29 | 6 | 9 | 41 | 36 | 47
9 | 22 | 27 | 39 | 36 | 15
2 | 45 | 35 | 18 | 36
37 | 1 | 22 | 12 | 39 | 30
25 | 1 | 21 | 13 | 45
37 | 2 | 17 | 7 | 40 | 26
5 | 29 | 6 | 9 | 41 | 36
37 | 39 | 18 | 16 | 30 | 47
14 | 20 | 1 | 6 | 38 | 26 | 36
37 | 6 | 9 | 2 | 17 | 39 | 30
25 | 13 | 45 | 3 | 19
9 | 27 | 39 | 16 | 23 | 36 | 4
25 | 41 | 2 | 7 | 23
0 | 10 | 41 | 36 | 47
25 | 9 | 41 | 22 | 15
10 | 37 | 1 | 41 | 22 | 31 | 47
25 | 14 | 41 | 44 | 18
36 | 41 | 18 | 3
25 | 1 | 13 | 41 | 17 | 44
5 | 10 | 42 | 41 | 36
5 | 37 | 13 | 39 | 16 | 30 | 19
42 | 2 | 32 | 23 | 36
46 | 13 | 27 | 39 | 36 | 19
36 | 45 | 0 | 15
25 | 6 | 45 | 12 | 19
1 | 13 | 32 | 16 | 36 | 47
5 | 37 | 6 | 9 | 44 | 39 | 30
37 | 7 | 16 | 40 | 26 | 23
5 | 24 | 44 | 11 | 36
25 | 9 | 41 | 44 | 23 | 4
37 | 46 | 6 | 9 | 40 | 26
10 | 28 | 45 | 23 | 36 | 4
14 | 6 | 2 | 45 | 36 | 19
5 | 6 | 28 | 41 | 16 | 36
6 | 33 | 9 | 45 | 36
37 | 1 | 17 | 22 | 44 | 39 | 30
37 | 20 | 41 | 17 | 7 | 31
29 | 41 | 36 | 19 | 4 | 47
0 | 14 | 45 | 16 | 36
5 | 37 | 6 | 44 | 40 | 26 | 19
24 | 41 | 2 | 17 | 36
29 | 41 | 18 | 36 | 47
1 | 6 | 21 | 41 | 36
5 | 29 | 45 | 7 | 36
0 | 25 | 41 | 44 | 23
25 | 9 | 41 | 16 | 23 | 4
37 | 14 | 44 | 39 | 18 | 30
14 | 32 | 18 | 16 | 36
13 | 2 | 39 | 43 | 23 | 36
10 | 1 | 34 | 45 | 17 | 36
36 | 41 | 18 | 33
10 | 6 | 32 | 36 | 19 | 47
37 | 46 | 39 | 18 | 30
20 | 1 | 38 | 13 | 26 | 36 | 47
28 | 13 | 45 | 16 | 23 | 36
6 | 41 | 36 | 19 | 15
46 | 38 | 26 | 36 | 19 | 4
41 | 2 | 34 | 36 | 19 | 47
37 | 1 | 21 | 13 | 39 | 30
41 | 35 | 16 | 36 | 19 | 4
36 | 41 | 15 | 7
5 | 37 | 6 | 16 | 40 | 26 | 19
36 | 41 | 18 | 15
42 | 37 | 14 | 39 | 16 | 30
25 | 1 | 17 | 22 | 44 | 11
1 | 13 | 32 | 36 | 15
36 | 45 | 7 | 21
37 | 13 | 39 | 16 | 30 | 19 | 47
37 | 6 | 39 | 3 | 30 | 19
37 | 18 | 16 | 31 | 11 | 47
37 | 1 | 6 | 41 | 16 | 31 | 23
25 | 46 | 6 | 41 | 19
45 | 12 | 36 | 19 | 4
0 | 37 | 20 | 41 | 17 | 31
10 | 1 | 6 | 45 | 35 | 36
41 | 25 | 0 | 46
38 | 9 | 16 | 26 | 23 | 36 | 4
2 | 27 | 7 | 39 | 23 | 36
14 | 22 | 39 | 16 | 43 | 36
1 | 41 | 34 | 16 | 23 | 36
25 | 20 | 6 | 9 | 41 | 17
29 | 1 | 13 | 41 | 23 | 36
29 | 6 | 17 | 11 | 36 | 19
6 | 28 | 45 | 16 | 23 | 36
5 | 34 | 16 | 11 | 36 | 19
2 | 27 | 7 | 39 | 36 | 47
37 | 14 | 20 | 1 | 6 | 45 | 31
42 | 25 | 14 | 41 | 2
29 | 17 | 22 | 39 | 43 | 36
25 | 14 | 2 | 22 | 39 | 43
37 | 6 | 9 | 44 | 39 | 23 | 30
37 | 20 | 1 | 6 | 39 | 30 | 47
37 | 9 | 17 | 22 | 44 | 40 | 26
34 | 16 | 11 | 36 | 19 | 47
0 | 41 | 44 | 35 | 36
20 | 1 | 6 | 17 | 27 | 39 | 36
28 | 2 | 22 | 11 | 36 | 47
10 | 37 | 1 | 17 | 22 | 39 | 30
42 | 37 | 41 | 31 | 15
37 | 17 | 44 | 7 | 39 | 30
24 | 16 | 11 | 36 | 47
9 | 2 | 45 | 22 | 35 | 36
11 | 25 | 42 | 21
42 | 20 | 41 | 35 | 36
38 | 44 | 7 | 26 | 23 | 36
25 | 13 | 41 | 19 | 15
14 | 20 | 1 | 6 | 32 | 36
10 | 27 | 39 | 36 | 19 | 4 | 47
42 | 2 | 17 | 11 | 36
37 | 9 | 2 | 22 | 39 | 30 | 47
36 | 11 | 18 | 46
10 | 25 | 1 | 6 | 41 | 47
9 | 41 | 22 | 35 | 16 | 36
0 | 14 | 20 | 32 | 36
10 | 37 | 45 | 17 | 31 | 19 | 4
9 | 32 | 17 | 44 | 36 | 4
13 | 2 | 39 | 35 | 43 | 36
24 | 14 | 41 | 2 | 36
42 | 16 | 11 | 23 | 36
37 | 1 | 6 | 21 | 41 | 31
42 | 35 | 16 | 11 | 36
10 | 32 | 17 | 36 | 19 | 4
6 | 2 | 17 | 11 | 36 | 19
37 | 46 | 9 | 22 | 40 | 26
9 | 22 | 27 | 39 | 3 | 36
10 | 6 | 39 | 43 | 23 | 36
14 | 6 | 38 | 44 | 26 | 36 | 19
20 | 9 | 41 | 34 | 36 | 47
5 | 10 | 42 | 37 | 41 | 31
14 | 1 | 34 | 45 | 16 | 36
5 | 37 | 9 | 22 | 16 | 40 | 26
5 | 42 | 32 | 16 | 36
6 | 17 | 44 | 27 | 39 | 36 | 19
24 | 2 | 45 | 17 | 36
5 | 37 | 6 | 44 | 39 | 30 | 19
37 | 12 | 40 | 26 | 19 | 4
10 | 1 | 32 | 17 | 22 | 36
0 | 37 | 31 | 11 | 15
6 | 12 | 43 | 26 | 36
5 | 42 | 38 | 16 | 26 | 36
5 | 13 | 27 | 39 | 16 | 36 | 19
14 | 6 | 41 | 44 | 36 | 19
37 | 18 | 40 | 26 | 15
41 | 2 | 7 | 36 | 47
5 | 25 | 41 | 7 | 16
37 | 3 | 18 | 31 | 11
11 | 25 | 0 | 21
10 | 28 | 45 | 17 | 22 | 36
10 | 1 | 32 | 22 | 36 | 47
6 | 38 | 9 | 16 | 26 | 36 | 47
37 | 20 | 1 | 6 | 41 | 31 | 47
37 | 14 | 1 | 6 | 16 | 40 | 26
1 | 41 | 22 | 44 | 35 | 36
36 | 41 | 12 | 24
25 | 21 | 13 | 39 | 43
10 | 42 | 38 | 26 | 23 | 36
29 | 6 | 41 | 36 | 19 | 47
0 | 38 | 44 | 26 | 23 | 36
0 | 29 | 17 | 11 | 36
14 | 1 | 32 | 22 | 16 | 36
37 | 6 | 9 | 2 | 40 | 26 | 47
10 | 25 | 6 | 39 | 43 | 23
5 | 37 | 13 | 39 | 16 | 31 | 43
46 | 6 | 11 | 36 | 19
14 | 1 | 38 | 22 | 16 | 26 | 36
25 | 41 | 16 | 19 | 4 | 47
37 | 6 | 39 | 30 | 19 | 15
1 | 13 | 45 | 35 | 16 | 36
5 | 25 | 6 | 9 | 41 | 44
5 | 25 | 9 | 45 | 22 | 16
5 | 41 | 34 | 16 | 36 | 19
14 | 41 | 16 | 36 | 19 | 4
37 | 20 | 1 | 13 | 40 | 26 | 47
6 | 28 | 41 | 2 | 23 | 36
14 | 29 | 39 | 43 | 36 | 4
0 | 32 | 16 | 23 | 36
14 | 41 | 2 | 18 | 36
37 | 6 | 40 | 26 | 19 | 15
14 | 27 | 39 | 18 | 16 | 36
46 | 1 | 34 | 11 | 36
36 | 11 | 46 | 24
37 | 14 | 20 | 1 | 6 | 41 | 31
25 | 20 | 6 | 17 | 39 | 43
37 | 14 | 20 | 39 | 31 | 43 | 4
6 | 9 | 2 | 32 | 36 | 47
37 | 14 | 6 | 16 | 40 | 26 | 19
10 | 37 | 41 | 31 | 19 | 4 | 47
1 | 41 | 34 | 36 | 15
25 | 20 | 17 | 39 | 43 | 4
10 | 6 | 17 | 39 | 43 | 36
5 | 20 | 6 | 9 | 27 | 39 | 36
36 | 41 | 8
5 | 37 | 20 | 7 | 40 | 26
2 | 34 | 45 | 17 | 36 | 19
6 | 3 | 43 | 26 | 36
5 | 10 | 6 | 45 | 36 | 19
5 | 25 | 41 | 18 | 16
14 | 1 | 6 | 38 | 44 | 26 | 36
25 | 46 | 1 | 41 | 22
36 | 11 | 15 | 42
13 | 2 | 27 | 39 | 36 | 19 | 47
37 | 1 | 6 | 41 | 12 | 31
5 | 10 | 24 | 41 | 36
5 | 10 | 37 | 45 | 18 | 31
6 | 27 | 39 | 16 | 36 | 19 | 47
37 | 13 | 41 | 17 | 44 | 31 | 19
46 | 6 | 32 | 36 | 19
2 | 17 | 27 | 39 | 18 | 36
6 | 41 | 35 | 16 | 36 | 19
24 | 17 | 44 | 11 | 36
24 | 14 | 20 | 41 | 36
13 | 32 | 3 | 36 | 19
37 | 46 | 7 | 40 | 26
25 | 1 | 41 | 17 | 22 | 44
45 | 25 | 7 | 21
37 | 14 | 20 | 6 | 39 | 31 | 43
9 | 32 | 22 | 3 | 36
37 | 21 | 41 | 7 | 31
0 | 37 | 12 | 40 | 26
27 | 39 | 18 | 36 | 15
6 | 38 | 26 | 36 | 19 | 15
5 | 42 | 20 | 32 | 36
46 | 6 | 28 | 41 | 36
42 | 2 | 11 | 23 | 36
1 | 13 | 41 | 16 | 36 | 47
20 | 1 | 6 | 11 | 36 | 47
6 | 9 | 41 | 2 | 35 | 36
37 | 6 | 39 | 16 | 31 | 43 | 23
6 | 28 | 41 | 16 | 23 | 36
36 | 45 | 18 | 12
5 | 25 | 6 | 9 | 41 | 16
38 | 2 | 7 | 26 | 36 | 47
25 | 1 | 6 | 41 | 15
37 | 14 | 45 | 18 | 16 | 31
6 | 38 | 2 | 17 | 26 | 36 | 19
5 | 25 | 6 | 41 | 16 | 19
25 | 20 | 45 | 17 | 7
42 | 14 | 29 | 41 | 36
41 | 2 | 18 | 36 | 47
6 | 28 | 41 | 16 | 36 | 47
37 | 14 | 18 | 16 | 40 | 26
42 | 37 | 2 | 17 | 39 | 30
6 | 9 | 2 | 45 | 17 | 36
25 | 6 | 39 | 16 | 43 | 23
46 | 1 | 6 | 11 | 36
25 | 12 | 39 | 43 | 4
5 | 28 | 45 | 22 | 16 | 36
37 | 9 | 39 | 16 | 23 | 30 | 4
10 | 42 | 37 | 41 | 31 | 23
42 | 37 | 41 | 2 | 31 | 23
36 | 45 | 0 | 33
1 | 13 | 41 | 44 | 35 | 36
20 | 9 | 17 | 27 | 39 | 36 | 4
36 | 11 | 21 | 24
37 | 31 | 41 | 8
13 | 41 | 2 | 17 | 36 | 19
28 | 41 | 22 | 16 | 36 | 47
0 | 37 | 16 | 31 | 11 | 47
37 | 46 | 13 | 40 | 26 | 19
21 | 9 | 27 | 39 | 36 | 4
25 | 46 | 1 | 6 | 11
0 | 10 | 37 | 41 | 17 | 31
37 | 14 | 1 | 6 | 39 | 16 | 30
5 | 6 | 32 | 16 | 36 | 19
9 | 45 | 35 | 16 | 36 | 4
20 | 1 | 6 | 41 | 17 | 36
9 | 41 | 17 | 22 | 44 | 36
1 | 6 | 32 | 36 | 15
42 | 20 | 17 | 27 | 39 | 36
37 | 6 | 9 | 41 | 17 | 44 | 31
10 | 1 | 41 | 34 | 23 | 36
41 | 25 | 42 | 12
0 | 25 | 14 | 41 | 44
37 | 21 | 7 | 39 | 30
5 | 29 | 6 | 41 | 36 | 19
37 | 1 | 21 | 13 | 41 | 31
46 | 38 | 9 | 22 | 26 | 36
46 | 6 | 27 | 39 | 36 | 19
6 | 28 | 3 | 11 | 36
37 | 6 | 12 | 40 | 26 | 19
1 | 38 | 13 | 44 | 26 | 23 | 36
1 | 22 | 44 | 35 | 11 | 36
37 | 6 | 17 | 44 | 40 | 26 | 19
28 | 41 | 2 | 22 | 36 | 47
20 | 39 | 35 | 43 | 36 | 4
37 | 1 | 17 | 22 | 44 | 31 | 11
37 | 1 | 13 | 45 | 31 | 15
9 | 41 | 22 | 36 | 15
32 | 12 | 36 | 19 | 4
14 | 6 | 38 | 2 | 26 | 36 | 19
34 | 39 | 3 | 43 | 36
13 | 41 | 44 | 35 | 36 | 19
29 | 17 | 39 | 43 | 36 | 4
37 | 14 | 1 | 41 | 22 | 16 | 31
14 | 1 | 6 | 44 | 27 | 39 | 36
0 | 20 | 38 | 26 | 36 | 47
1 | 6 | 33 | 45 | 36
14 | 20 | 43 | 26 | 36 | 4
9 | 34 | 45 | 36 | 15
25 | 6 | 2 | 45 | 17 | 19
41 | 25 | 18 | 46
5 | 42 | 37 | 20 | 39 | 30
37 | 20 | 1 | 13 | 41 | 31 | 47
14 | 28 | 45 | 16 | 36 | 4
0 | 41 | 16 | 36 | 47
37 | 1 | 6 | 17 | 44 | 31 | 11
29 | 1 | 6 | 41 | 23 | 36
5 | 13 | 32 | 44 | 36 | 19
39 | 35 | 16 | 43 | 36 | 4
12 | 39 | 43 | 36 | 4
2 | 45 | 7 | 35 | 36
5 | 29 | 6 | 45 | 36 | 19
42 | 37 | 41 | 12 | 31
37 | 39 | 16 | 31 | 43 | 23 | 4
1 | 6 | 45 | 36 | 15
37 | 22 | 39 | 31 | 43 | 15
42 | 21 | 27 | 39 | 36
10 | 25 | 39 | 43 | 23 | 4
5 | 10 | 24 | 45 | 36
1 | 45 | 22 | 35 | 16 | 36
37 | 9 | 45 | 22 | 31 | 15
10 | 6 | 43 | 26 | 23 | 36
42 | 14 | 20 | 38 | 26 | 36
2 | 45 | 17 | 7 | 36
25 | 14 | 41 | 2 | 18
28 | 45 | 22 | 3 | 36
25 | 41 | 2 | 17 | 7
28 | 13 | 41 | 3 | 36
37 | 14 | 1 | 41 | 22 | 44 | 31
10 | 1 | 6 | 41 | 35 | 36
37 | 2 | 45 | 7 | 31 | 23
37 | 1 | 6 | 12 | 40 | 26
6 | 9 | 41 | 44 | 23 | 36
37 | 46 | 18 | 40 | 26
1 | 6 | 35 | 16 | 11 | 36
6 | 2 | 32 | 36 | 19 | 47
36 | 0 | 32 | 21
6 | 9 | 41 | 16 | 23 | 36
0 | 37 | 44 | 39 | 23 | 30
5 | 20 | 6 | 28 | 11 | 36
10 | 42 | 37 | 40 | 26 | 23
37 | 20 | 7 | 40 | 26 | 47
6 | 2 | 17 | 27 | 39 | 36 | 19
25 | 20 | 1 | 6 | 11 | 47
10 | 42 | 37 | 41 | 17 | 31
37 | 21 | 9 | 41 | 31 | 4
42 | 2 | 17 | 27 | 39 | 36
36 | 0 | 32 | 46
37 | 2 | 17 | 7 | 39 | 30
10 | 45 | 17 | 18 | 36
0 | 44 | 35 | 11 | 36
37 | 6 | 9 | 44 | 40 | 26 | 23
25 | 9 | 41 | 16 | 4 | 47
37 | 13 | 17 | 44 | 40 | 26 | 19
5 | 38 | 7 | 16 | 26 | 36
6 | 21 | 39 | 43 | 36
20 | 6 | 38 | 9 | 17 | 26 | 36
25 | 20 | 1 | 13 | 41 | 17
10 | 6 | 38 | 17 | 26 | 36 | 19
6 | 9 | 27 | 39 | 3 | 36
25 | 9 | 41 | 4 | 15
37 | 46 | 1 | 13 | 39 | 30
37 | 46 | 18 | 31 | 11
37 | 1 | 6 | 16 | 31 | 11 | 23
25 | 1 | 6 | 11 | 15
33 | 41 | 36 | 19 | 4
36 | 41 | 0 | 33
37 | 46 | 39 | 30 | 19 | 4
38 | 17 | 44 | 18 | 26 | 36
5 | 10 | 22 | 39 | 43 | 36
37 | 13 | 39 | 31 | 43 | 15
37 | 14 | 44 | 18 | 40 | 26
1 | 38 | 22 | 26 | 36 | 15
29 | 17 | 11 | 36 | 19 | 4
46 | 1 | 13 | 32 | 36
37 | 1 | 6 | 45 | 16 | 31 | 23
45 | 7 | 16 | 23 | 36
5 | 10 | 25 | 6 | 45 | 19
6 | 41 | 2 | 35 | 36 | 19
0 | 10 | 37 | 45 | 17 | 31
25 | 6 | 9 | 45 | 15
37 | 9 | 17 | 22 | 44 | 39 | 30
29 | 6 | 9 | 41 | 17 | 36
5 | 32 | 7 | 16 | 36
25 | 46 | 41 | 19 | 4
20 | 6 | 28 | 17 | 11 | 36
0 | 37 | 14 | 41 | 44 | 31
25 | 20 | 1 | 6 | 17 | 11
37 | 46 | 1 | 22 | 31 | 11
20 | 1 | 6 | 45 | 17 | 36
0 | 46 | 27 | 39 | 36
37 | 2 | 18 | 40 | 26 | 47
46 | 11 | 36 | 19 | 4
37 | 45 | 3 | 18 | 31
1 | 38 | 13 | 16 | 26 | 23 | 36
6 | 38 | 16 | 26 | 36 | 19 | 47
1 | 34 | 44 | 11 | 23 | 36
37 | 20 | 17 | 39 | 31 | 43 | 4
37 | 14 | 2 | 39 | 18 | 30
6 | 28 | 2 | 17 | 11 | 36
29 | 45 | 7 | 23 | 36
1 | 6 | 41 | 35 | 16 | 36
37 | 46 | 9 | 41 | 31 | 4
0 | 25 | 41 | 16 | 23
25 | 20 | 6 | 9 | 41 | 47
37 | 41 | 31 | 19 | 4 | 15
37 | 14 | 1 | 6 | 44 | 39 | 30
25 | 13 | 41 | 17 | 44 | 19
41 | 44 | 35 | 36 | 19 | 4
5 | 38 | 13 | 16 | 26 | 36 | 19
10 | 41 | 17 | 36 | 19 | 4
5 | 6 | 28 | 16 | 11 | 36
25 | 1 | 6 | 21 | 41
25 | 1 | 6 | 21 | 45
5 | 28 | 41 | 22 | 16 | 36
10 | 37 | 1 | 6 | 39 | 30 | 47
5 | 37 | 44 | 7 | 40 | 26
20 | 6 | 9 | 32 | 17 | 36
0 | 37 | 14 | 20 | 39 | 30
38 | 9 | 2 | 17 | 22 | 26 | 36
25 | 20 | 6 | 9 | 45 | 17
5 | 25 | 6 | 9 | 45 | 16
5 | 42 | 16 | 11 | 36
10 | 6 | 32 | 17 | 36 | 19
37 | 14 | 6 | 39 | 16 | 31 | 43
37 | 13 | 41 | 2 | 17 | 31 | 19
11 | 25 | 0 | 15
14 | 32 | 44 | 36 | 19 | 4
37 | 40 | 26 | 19 | 4 | 15
5 | 10 | 22 | 43 | 26 | 36
1 | 32 | 17 | 22 | 44 | 36
25 | 1 | 6 | 16 | 11 | 47
37 | 20 | 9 | 40 | 26 | 4 | 47
46 | 6 | 9 | 32 | 36
36 | 41 | 21 | 24
37 | 6 | 9 | 2 | 45 | 31 | 23
5 | 9 | 41 | 22 | 16 | 36
14 | 28 | 2 | 45 | 22 | 36
37 | 46 | 1 | 6 | 41 | 31
37 | 1 | 6 | 41 | 44 | 31 | 23
10 | 24 | 41 | 17 | 36
10 | 37 | 45 | 17 | 18 | 31
0 | 37 | 20 | 17 | 40 | 26
5 | 42 | 41 | 16 | 36
14 | 6 | 41 | 2 | 36 | 19
42 | 37 | 14 | 20 | 41 | 31
46 | 1 | 41 | 22 | 36
6 | 9 | 17 | 44 | 27 | 39 | 36
37 | 6 | 9 | 39 | 30 | 15
29 | 9 | 41 | 22 | 36 | 47
20 | 6 | 9 | 45 | 35 | 36
41 | 17 | 44 | 7 | 36
5 | 37 | 6 | 16 | 31 | 11 | 19
2 | 32 | 7 | 23 | 36
6 | 9 | 41 | 3 | 36
37 | 17 | 44 | 18 | 40 | 26
20 | 13 | 17 | 39 | 43 | 36
13 | 16 | 43 | 26 | 23 | 36
36 | 18 | 32 | 15
42 | 38 | 21 | 26 | 36
10 | 1 | 6 | 38 | 17 | 26 | 36
0 | 17 | 44 | 11 | 36
6 | 9 | 32 | 16 | 23 | 36
1 | 13 | 27 | 39 | 16 | 36 | 47
5 | 10 | 37 | 6 | 45 | 31 | 19
14 | 6 | 28 | 45 | 16 | 36
5 | 6 | 9 | 32 | 44 | 36
28 | 45 | 22 | 12 | 36
37 | 9 | 41 | 16 | 31 | 23 | 4
10 | 6 | 27 | 39 | 36 | 19 | 47
5 | 25 | 20 | 13 | 39 | 43
25 | 14 | 2 | 45 | 18
42 | 41 | 2 | 35 | 36
20 | 27 | 7 | 39 | 36 | 47
5 | 37 | 9 | 22 | 39 | 16 | 30
25 | 6 | 9 | 41 | 17 | 44
5 | 6 | 38 | 16 | 26 | 36 | 19
42 | 37 | 2 | 31 | 11 | 23
0 | 14 | 38 | 44 | 26 | 36
36 | 41 | 42 | 33
37 | 21 | 7 | 40 | 26
5 | 37 | 20 | 6 | 9 | 39 | 30
41 | 34 | 3 | 36 | 19
0 | 10 | 25 | 41 | 23
36 | 32 | 7 | 21
0 | 37 | 46 | 41 | 31
24 | 41 | 16 | 23 | 36
37 | 17 | 44 | 39 | 18 | 30
6 | 2 | 39 | 35 | 43 | 36
20 | 45 | 17 | 7 | 36
14 | 1 | 45 | 22 | 16 | 36
42 | 14 | 32 | 16 | 36
42 | 37 | 20 | 17 | 31 | 11
14 | 29 | 1 | 45 | 22 | 36
37 | 45 | 18 | 31 | 15
37 | 46 | 9 | 39 | 30 | 4
5 | 9 | 22 | 44 | 27 | 39 | 36
5 | 6 | 9 | 45 | 16 | 36
41 | 34 | 16 | 36 | 19 | 47
36 | 18 | 32 | 12
37 | 46 | 9 | 22 | 39 | 30
37 | 1 | 6 | 21 | 40 | 26
37 | 1 | 13 | 41 | 31 | 15
41 | 34 | 36 | 19 | 15
33 | 13 | 39 | 43 | 36
14 | 41 | 44 | 18 | 36
5 | 20 | 41 | 7 | 36
44 | 27 | 7 | 39 | 23 | 36
6 | 43 | 26 | 36 | 15
42 | 20 | 38 | 17 | 26 | 36
37 | 1 | 6 | 44 | 39 | 23 | 30
0 | 37 | 41 | 17 | 44 | 31
1 | 38 | 13 | 17 | 44 | 26 | 36
0 | 37 | 20 | 45 | 17 | 31
10 | 37 | 17 | 18 | 40 | 26
10 | 24 | 41 | 23 | 36
37 | 9 | 39 | 16 | 30 | 4 | 47
37 | 1 | 13 | 17 | 44 | 39 | 30
36 | 41 | 18 | 12
5 | 37 | 41 | 44 | 18 | 31
5 | 10 | 28 | 45 | 22 | 36
1 | 45 | 22 | 12 | 36
5 | 32 | 18 | 16 | 36
36 | 11 | 0 | 21
25 | 20 | 41 | 7 | 47
0 | 37 | 21 | 31 | 11
0 | 10 | 25 | 41 | 47
0 | 25 | 44 | 11 | 23
5 | 10 | 6 | 43 | 26 | 36
5 | 29 | 41 | 7 | 36
36 | 41 | 7 | 3
37 | 6 | 21 | 9 | 41 | 31
2 | 34 | 17 | 39 | 43 | 36
0 | 14 | 20 | 45 | 36
37 | 9 | 22 | 40 | 26 | 15
32 | 44 | 7 | 23 | 36
25 | 2 | 17 | 22 | 39 | 43
25 | 18 | 16 | 11 | 47
37 | 6 | 9 | 40 | 26 | 15
37 | 1 | 13 | 16 | 40 | 26 | 47
0 | 25 | 20 | 41 | 17
28 | 13 | 2 | 45 | 17 | 36
5 | 29 | 6 | 9 | 45 | 36
10 | 37 | 17 | 39 | 18 | 30
20 | 1 | 13 | 27 | 39 | 36 | 47
1 | 6 | 33 | 11 | 36
5 | 20 | 32 | 7 | 36
14 | 34 | 39 | 16 | 43 | 36
0 | 37 | 14 | 20 | 40 | 26
37 | 1 | 13 | 39 | 16 | 23 | 30
13 | 3 | 43 | 26 | 36
25 | 14 | 6 | 2 | 39 | 43
46 | 1 | 32 | 22 | 36
6 | 21 | 9 | 45 | 36
37 | 26 | 40 | 8
42 | 37 | 20 | 17 | 40 | 26
25 | 46 | 9 | 41 | 4
37 | 1 | 6 | 12 | 39 | 30
5 | 37 | 9 | 22 | 44 | 39 | 30
37 | 41 | 17 | 44 | 7 | 31
29 | 6 | 11 | 36 | 19 | 47
43 | 26 | 36 | 4 | 15
36 | 11 | 42 | 3
34 | 3 | 11 | 36 | 19
1 | 38 | 22 | 12 | 26 | 36
25 | 14 | 41 | 16 | 19 | 4
6 | 27 | 39 | 3 | 36 | 19
37 | 1 | 21 | 13 | 40 | 26
0 | 25 | 14 | 20 | 41
27 | 39 | 16 | 36 | 19 | 4 | 47
46 | 38 | 7 | 26 | 36
20 | 1 | 6 | 41 | 36 | 47
29 | 1 | 13 | 45 | 17 | 36
5 | 10 | 25 | 22 | 39 | 43
1 | 38 | 17 | 22 | 44 | 26 | 36
20 | 9 | 34 | 45 | 17 | 36
0 | 41 | 17 | 44 | 36
41 | 35 | 18 | 16 | 36
9 | 34 | 45 | 16 | 23 | 36
42 | 37 | 39 | 3 | 30
37 | 1 | 6 | 21 | 39 | 30
45 | 35 | 16 | 36 | 19 | 4
5 | 37 | 41 | 18 | 16 | 31
28 | 45 | 16 | 23 | 36 | 4
29 | 1 | 13 | 41 | 17 | 36
20 | 1 | 6 | 41 | 35 | 36
41 | 25 | 18 | 12
5 | 9 | 32 | 22 | 44 | 36
5 | 28 | 13 | 41 | 44 | 36
5 | 37 | 13 | 44 | 40 | 26 | 19
1 | 41 | 17 | 22 | 44 | 36
37 | 46 | 1 | 6 | 39 | 30
14 | 6 | 28 | 41 | 16 | 36
5 | 25 | 41 | 44 | 18
38 | 9 | 22 | 26 | 36 | 15
9 | 41 | 16 | 36 | 4 | 47
41 | 25 | 15 | 42
5 | 42 | 37 | 16 | 40 | 26
0 | 25 | 41 | 17 | 44
5 | 13 | 45 | 16 | 36 | 19
0 | 37 | 14 | 45 | 16 | 31
25 | 6 | 2 | 39 | 43 | 23
24 | 41 | 2 | 36 | 47
37 | 41 | 18 | 31 | 15
1 | 22 | 11 | 36 | 15
25 | 14 | 22 | 39 | 16 | 43
37 | 7 | 39 | 16 | 30 | 47
10 | 25 | 41 | 19 | 4 | 47
14 | 20 | 6 | 28 | 45 | 36
35 | 18 | 16 | 11 | 36
5 | 6 | 9 | 27 | 39 | 16 | 36
42 | 14 | 41 | 16 | 36
9 | 32 | 16 | 23 | 36 | 4
37 | 6 | 9 | 41 | 3 | 31
11 | 25 | 18 | 15
5 | 6 | 9 | 32 | 16 | 36
37 | 14 | 41 | 2 | 18 | 31
13 | 2 | 17 | 39 | 43 | 36
22 | 39 | 3 | 43 | 36
28 | 21 | 45 | 36 | 4
37 | 46 | 13 | 39 | 30 | 19
0 | 10 | 37 | 41 | 31 | 47
0 | 25 | 16 | 11 | 23
20 | 1 | 6 | 27 | 39 | 36 | 47
1 | 6 | 41 | 16 | 36 | 47
6 | 2 | 17 | 43 | 26 | 36
37 | 41 | 44 | 7 | 31 | 23
0 | 14 | 20 | 27 | 39 | 36
46 | 27 | 39 | 18 | 36
10 | 45 | 35 | 18 | 36
10 | 6 | 38 | 26 | 36 | 19 | 47
14 | 28 | 41 | 44 | 36 | 4
10 | 37 | 6 | 17 | 39 | 30 | 19
42 | 38 | 12 | 26 | 36
1 | 21 | 41 | 34 | 36
5 | 37 | 9 | 45 | 22 | 16 | 31
42 | 2 | 35 | 11 | 36
20 | 13 | 17 | 43 | 26 | 36
28 | 41 | 16 | 36 | 4 | 47
6 | 38 | 3 | 26 | 36 | 19
36 | 0 | 32 | 15
28 | 13 | 2 | 45 | 23 | 36
37 | 46 | 41 | 18 | 31
25 | 6 | 41 | 2 | 17 | 19
9 | 45 | 22 | 3 | 36
14 | 20 | 1 | 6 | 27 | 39 | 36
1 | 6 | 41 | 44 | 23 | 36
37 | 1 | 22 | 40 | 26 | 15
10 | 42 | 17 | 27 | 39 | 36
5 | 6 | 38 | 9 | 16 | 26 | 36
5 | 37 | 6 | 39 | 16 | 31 | 43
20 | 38 | 17 | 7 | 26 | 36
2 | 34 | 39 | 43 | 23 | 36
5 | 37 | 7 | 39 | 16 | 30
10 | 1 | 17 | 22 | 27 | 39 | 36
10 | 1 | 45 | 22 | 35 | 36
37 | 9 | 45 | 22 | 3 | 31
5 | 20 | 6 | 28 | 45 | 36
37 | 6 | 9 | 41 | 2 | 31 | 47
5 | 34 | 45 | 16 | 36 | 19
29 | 1 | 6 | 11 | 23 | 36
29 | 1 | 17 | 22 | 11 | 36
37 | 41 | 2 | 7 | 31 | 23
37 | 41 | 18 | 16 | 31 | 47
36 | 45 | 0 | 12
37 | 6 | 2 | 45 | 17 | 31 | 19
42 | 38 | 2 | 26 | 23 | 36
28 | 41 | 44 | 23 | 36 | 4
0 | 37 | 20 | 41 | 31 | 47
37 | 1 | 13 | 39 | 16 | 30 | 47
10 | 37 | 1 | 6 | 45 | 17 | 31
6 | 32 | 16 | 36 | 19 | 47
20 | 1 | 6 | 17 | 11 | 36
5 | 10 | 32 | 18 | 36
42 | 37 | 12 | 40 | 26
6 | 44 | 35 | 11 | 36 | 19
37 | 9 | 17 | 44 | 39 | 30 | 4
29 | 1 | 41 | 17 | 22 | 36
37 | 14 | 6 | 2 | 40 | 26 | 19
37 | 6 | 41 | 12 | 31 | 19
10 | 38 | 26 | 36 | 19 | 4 | 47
9 | 44 | 27 | 39 | 23 | 36 | 4
37 | 13 | 41 | 2 | 31 | 19 | 47
37 | 1 | 13 | 39 | 30 | 15
2 | 17 | 18 | 11 | 36
10 | 42 | 41 | 23 | 36
14 | 6 | 28 | 41 | 2 | 36
37 | 39 | 3 | 18 | 30
10 | 1 | 41 | 17 | 22 | 36
5 | 37 | 13 | 41 | 16 | 31 | 19
38 | 17 | 44 | 26 | 36 | 19 | 4
37 | 46 | 1 | 6 | 31 | 11
16 | 11 | 36 | 19 | 4 | 47
21 | 9 | 41 | 36 | 4
36 | 11 | 42 | 33
27 | 39 | 36 | 19 | 4 | 15
14 | 28 | 41 | 22 | 16 | 36
6 | 9 | 32 | 17 | 44 | 36
46 | 9 | 27 | 39 | 36 | 4
41 | 25 | 42 | 3
10 | 1 | 41 | 22 | 36 | 47
14 | 38 | 18 | 16 | 26 | 36
0 | 27 | 39 | 16 | 36 | 47
5 | 37 | 13 | 16 | 40 | 26 | 19
17 | 44 | 11 | 36 | 19 | 4
5 | 42 | 37 | 20 | 41 | 31
37 | 44 | 7 | 39 | 23 | 30
20 | 1 | 13 | 17 | 27 | 39 | 36
37 | 14 | 39 | 16 | 31 | 43 | 4
1 | 6 | 16 | 11 | 36 | 47
37 | 13 | 41 | 31 | 19 | 15
36 | 45 | 0 | 21
25 | 46 | 13 | 41 | 19
25 | 1 | 41 | 22 | 16 | 47
29 | 6 | 9 | 45 | 23 | 36
10 | 28 | 41 | 17 | 36 | 4
1 | 41 | 34 | 17 | 44 | 36
13 | 45 | 36 | 19 | 15
36 | 41 | 7 | 33
6 | 38 | 17 | 44 | 26 | 36 | 19
37 | 20 | 9 | 39 | 30 | 4 | 47
1 | 41 | 22 | 36 | 15
14 | 16 | 43 | 26 | 36 | 4
14 | 6 | 2 | 43 | 26 | 36
5 | 29 | 6 | 39 | 43 | 36
37 | 1 | 22 | 16 | 31 | 11 | 47
34 | 39 | 43 | 36 | 15
13 | 17 | 44 | 27 | 39 | 36 | 19
10 | 6 | 41 | 17 | 36 | 19
17 | 44 | 27 | 7 | 39 | 36
37 | 6 | 9 | 45 | 3 | 31
37 | 1 | 22 | 31 | 11 | 15
10 | 32 | 36 | 19 | 4 | 47
28 | 17 | 22 | 44 | 11 | 36
5 | 41 | 44 | 7 | 36
1 | 6 | 27 | 12 | 39 | 36
37 | 13 | 2 | 39 | 30 | 19 | 47
37 | 1 | 6 | 45 | 12 | 31
10 | 1 | 41 | 34 | 17 | 36
5 | 10 | 6 | 28 | 41 | 36
37 | 41 | 17 | 44 | 31 | 19 | 4
37 | 6 | 41 | 17 | 44 | 31 | 19
20 | 45 | 7 | 35 | 36
37 | 1 | 6 | 39 | 30 | 15
29 | 11 | 36 | 19 | 4 | 47
0 | 29 | 41 | 23 | 36
37 | 13 | 45 | 31 | 19 | 15
5 | 24 | 20 | 11 | 36
6 | 41 | 2 | 17 | 36 | 19
37 | 6 | 3 | 40 | 26 | 19
14 | 20 | 1 | 6 | 41 | 36
14 | 1 | 6 | 41 | 16 | 36
33 | 9 | 45 | 36 | 4
1 | 6 | 45 | 12 | 36
1 | 6 | 32 | 16 | 36 | 47
37 | 14 | 41 | 16 | 31 | 19 | 4
37 | 14 | 44 | 39 | 30 | 19 | 4
5 | 10 | 37 | 6 | 39 | 30 | 19
25 | 6 | 9 | 2 | 45 | 23
5 | 37 | 44 | 7 | 39 | 30
0 | 38 | 16 | 26 | 36 | 47
45 | 7 | 35 | 16 | 36
45 | 25 | 0 | 15
5 | 25 | 41 | 44 | 7
42 | 41 | 2 | 17 | 36
13 | 45 | 35 | 16 | 36 | 19
42 | 2 | 27 | 39 | 23 | 36
25 | 6 | 9 | 2 | 45 | 17
6 | 32 | 3 | 36 | 19
37 | 14 | 1 | 22 | 44 | 40 | 26
9 | 17 | 44 | 27 | 39 | 36 | 4
5 | 28 | 22 | 16 | 11 | 36
20 | 9 | 27 | 39 | 36 | 4 | 47
34 | 11 | 36 | 19 | 15
42 | 14 | 2 | 27 | 39 | 36
25 | 20 | 1 | 13 | 45 | 17
14 | 6 | 2 | 32 | 36 | 19
42 | 37 | 39 | 30 | 15
14 | 41 | 2 | 34 | 36 | 19
10 | 6 | 39 | 35 | 43 | 36
5 | 13 | 41 | 16 | 36 | 19
5 | 29 | 9 | 41 | 22 | 36
28 | 41 | 17 | 44 | 36 | 4
37 | 46 | 9 | 40 | 26 | 4
37 | 6 | 17 | 44 | 39 | 30 | 19
6 | 41 | 16 | 36 | 19 | 47
42 | 41 | 35 | 16 | 36
1 | 22 | 27 | 39 | 36 | 15
6 | 38 | 9 | 2 | 26 | 36 | 47
6 | 21 | 43 | 26 | 36
10 | 37 | 1 | 41 | 17 | 22 | 31
37 | 14 | 6 | 2 | 39 | 31 | 43
37 | 13 | 45 | 3 | 31 | 19
34 | 12 | 39 | 43 | 36
28 | 41 | 22 | 36 | 15
10 | 1 | 6 | 38 | 26 | 36 | 47
5 | 10 | 28 | 41 | 22 | 36
6 | 28 | 45 | 3 | 36
36 | 18 | 32 | 3
37 | 6 | 3 | 31 | 11 | 19
6 | 32 | 17 | 44 | 36 | 19
25 | 46 | 6 | 11 | 19
1 | 6 | 32 | 44 | 23 | 36
6 | 33 | 41 | 36 | 19
5 | 37 | 20 | 6 | 9 | 45 | 31
5 | 37 | 45 | 18 | 16 | 31
0 | 14 | 20 | 38 | 26 | 36
29 | 41 | 17 | 36 | 19 | 4
5 | 37 | 13 | 41 | 44 | 31 | 19
2 | 32 | 7 | 36 | 47
5 | 38 | 13 | 44 | 26 | 36 | 19
6 | 27 | 12 | 39 | 36 | 19
10 | 37 | 6 | 39 | 31 | 43 | 23
41 | 25 | 18 | 3
28 | 45 | 22 | 36 | 15
37 | 17 | 44 | 40 | 26 | 19 | 4
5 | 29 | 22 | 39 | 43 | 36
25 | 6 | 41 | 17 | 44 | 19
0 | 10 | 37 | 40 | 26 | 47
6 | 38 | 9 | 2 | 17 | 26 | 36
41 | 25 | 0 | 21
5 | 6 | 9 | 41 | 44 | 36
5 | 42 | 37 | 41 | 16 | 31
1 | 6 | 11 | 36 | 15
20 | 17 | 27 | 7 | 39 | 36
29 | 9 | 41 | 17 | 36 | 4
25 | 21 | 9 | 41 | 4
46 | 6 | 38 | 26 | 36 | 19
5 | 38 | 9 | 22 | 16 | 26 | 36
36 | 41 | 18 | 46
37 | 46 | 40 | 26 | 19 | 4
25 | 14 | 39 | 16 | 43 | 4
37 | 9 | 2 | 17 | 22 | 40 | 26
10 | 17 | 27 | 39 | 18 | 36
42 | 37 | 14 | 16 | 40 | 26
37 | 20 | 1 | 6 | 45 | 17 | 31
37 | 16 | 31 | 11 | 19 | 4 | 47
20 | 1 | 6 | 32 | 17 | 36
6 | 9 | 41 | 44 | 35 | 36
14 | 20 | 6 | 28 | 41 | 36
25 | 1 | 6 | 45 | 12
6 | 16 | 43 | 26 | 23 | 36
28 | 16 | 11 | 36 | 4 | 47
42 | 37 | 2 | 17 | 31 | 11
37 | 6 | 9 | 16 | 40 | 26 | 47
42 | 14 | 41 | 2 | 36
10 | 41 | 36 | 19 | 4 | 47
37 | 20 | 45 | 17 | 7 | 31
37 | 14 | 39 | 16 | 30 | 19 | 4
42 | 25 | 14 | 20 | 41
5 | 20 | 6 | 38 | 9 | 26 | 36
33 | 13 | 41 | 36 | 19
37 | 14 | 1 | 45 | 22 | 16 | 31
10 | 28 | 41 | 22 | 36 | 47
6 | 28 | 21 | 41 | 36
37 | 20 | 1 | 13 | 17 | 39 | 30
10 | 37 | 1 | 6 | 40 | 26 | 23
29 | 1 | 6 | 45 | 23 | 36
37 | 46 | 9 | 41 | 22 | 31
10 | 37 | 6 | 45 | 17 | 31 | 19
21 | 39 | 43 | 36 | 4
9 | 2 | 45 | 17 | 22 | 36
6 | 32 | 36 | 19 | 15
5 | 25 | 13 | 39 | 16 | 43
36 | 11 | 42 | 21
25 | 1 | 13 | 45 | 15
14 | 20 | 1 | 41 | 34 | 36
29 | 6 | 39 | 43 | 23 | 36
37 | 41 | 7 | 16 | 31 | 23
28 | 2 | 17 | 22 | 11 | 36
36 | 32 | 42 | 12
46 | 1 | 22 | 11 | 36
6 | 28 | 45 | 12 | 36
36 | 32 | 15 | 7
45 | 25 | 0 | 12
37 | 20 | 13 | 17 | 39 | 31 | 43
25 | 41 | 18 | 16 | 47
6 | 38 | 9 | 17 | 44 | 26 | 36
0 | 10 | 38 | 17 | 26 | 36
37 | 20 | 9 | 45 | 17 | 31 | 4
37 | 6 | 12 | 39 | 30 | 19
42 | 38 | 3 | 26 | 36
29 | 6 | 45 | 17 | 36 | 19
25 | 46 | 6 | 9 | 41
37 | 6 | 9 | 39 | 16 | 30 | 47
0 | 37 | 46 | 39 | 30
1 | 33 | 45 | 22 | 36
0 | 38 | 21 | 26 | 36
1 | 13 | 45 | 16 | 23 | 36
28 | 11 | 36 | 4 | 15
42 | 37 | 3 | 31 | 11
20 | 1 | 6 | 38 | 26 | 36 | 47
9 | 41 | 34 | 17 | 44 | 36
0 | 20 | 41 | 36 | 47
5 | 9 | 41 | 34 | 44 | 36
0 | 20 | 35 | 11 | 36
24 | 20 | 41 | 17 | 36
36 | 11 | 3 | 24
38 | 9 | 17 | 22 | 44 | 26 | 36
37 | 20 | 1 | 6 | 17 | 31 | 11
2 | 18 | 11 | 36 | 47
1 | 13 | 17 | 44 | 27 | 39 | 36
24 | 44 | 11 | 23 | 36
37 | 18 | 16 | 40 | 26 | 47
0 | 38 | 26 | 36 | 15
37 | 1 | 13 | 40 | 26 | 15
24 | 16 | 11 | 23 | 36
9 | 2 | 32 | 17 | 22 | 36
13 | 45 | 3 | 36 | 19
25 | 6 | 21 | 39 | 43
42 | 25 | 16 | 11 | 23
9 | 41 | 2 | 34 | 36 | 47
6 | 28 | 17 | 44 | 11 | 36
13 | 39 | 43 | 36 | 15
0 | 20 | 41 | 35 | 36
5 | 37 | 6 | 41 | 44 | 31 | 19
28 | 45 | 12 | 36 | 4
28 | 41 | 17 | 22 | 44 | 36
41 | 34 | 17 | 44 | 36 | 19
37 | 14 | 16 | 40 | 26 | 19 | 4
37 | 9 | 41 | 17 | 22 | 44 | 31
37 | 41 | 2 | 17 | 7 | 31
14 | 6 | 28 | 2 | 45 | 36
20 | 1 | 13 | 41 | 17 | 36
0 | 20 | 11 | 36 | 47
37 | 6 | 2 | 17 | 31 | 11 | 19
0 | 10 | 38 | 26 | 23 | 36
10 | 1 | 6 | 32 | 36 | 47
36 | 39 | 27 | 8
2 | 17 | 27 | 7 | 39 | 36
46 | 38 | 9 | 26 | 36 | 4
5 | 24 | 20 | 41 | 36
37 | 6 | 9 | 2 | 45 | 17 | 31
36 | 45 | 18 | 33
14 | 6 | 41 | 16 | 36 | 19
20 | 38 | 9 | 17 | 26 | 36 | 4
0 | 10 | 41 | 23 | 36
20 | 1 | 13 | 41 | 35 | 36
10 | 37 | 41 | 18 | 31 | 47
25 | 41 | 2 | 17 | 18
25 | 13 | 2 | 17 | 39 | 43
14 | 6 | 44 | 27 | 39 | 36 | 19
5 | 42 | 20 | 11 | 36
38 | 7 | 16 | 26 | 23 | 36
37 | 20 | 6 | 9 | 40 | 26 | 47
5 | 24 | 16 | 11 | 36
14 | 20 | 28 | 45 | 36 | 4
37 | 17 | 44 | 39 | 30 | 19 | 4
38 | 9 | 17 | 44 | 26 | 36 | 4
2 | 45 | 7 | 23 | 36
5 | 25 | 22 | 39 | 16 | 43
14 | 1 | 22 | 44 | 27 | 39 | 36
6 | 28 | 41 | 17 | 44 | 36
10 | 6 | 45 | 17 | 36 | 19
6 | 28 | 2 | 45 | 23 | 36
1 | 13 | 41 | 44 | 23 | 36
14 | 28 | 45 | 22 | 16 | 36
0 | 10 | 32 | 36 | 47
1 | 33 | 13 | 41 | 36
37 | 6 | 9 | 2 | 17 | 40 | 26
37 | 45 | 7 | 16 | 31 | 23
14 | 45 | 18 | 16 | 36
6 | 9 | 44 | 27 | 39 | 23 | 36
37 | 1 | 17 | 22 | 44 | 40 | 26
0 | 37 | 45 | 31 | 15
33 | 13 | 45 | 36 | 19
37 | 9 | 41 | 22 | 3 | 31
0 | 25 | 20 | 17 | 11
13 | 41 | 2 | 35 | 36 | 19
5 | 9 | 22 | 27 | 39 | 16 | 36
10 | 1 | 6 | 32 | 23 | 36
38 | 7 | 26 | 36 | 15
10 | 6 | 41 | 36 | 19 | 47
5 | 37 | 45 | 7 | 16 | 31
25 | 9 | 41 | 17 | 22 | 44
25 | 1 | 13 | 41 | 15
28 | 13 | 41 | 44 | 23 | 36
37 | 13 | 2 | 39 | 31 | 43 | 23
42 | 37 | 12 | 39 | 30
2 | 45 | 17 | 18 | 36
38 | 13 | 26 | 36 | 19 | 15
37 | 31 | 45 | 8
25 | 6 | 45 | 3 | 19
6 | 2 | 39 | 43 | 23 | 36
14 | 1 | 41 | 22 | 16 | 36
6 | 28 | 2 | 11 | 36 | 47
25 | 22 | 12 | 39 | 43
29 | 1 | 6 | 41 | 36 | 47
25 | 14 | 1 | 6 | 45 | 16
37 | 6 | 9 | 41 | 2 | 31 | 23
6 | 2 | 45 | 17 | 36 | 19
37 | 9 | 22 | 39 | 3 | 30
0 | 37 | 21 | 45 | 31
37 | 46 | 41 | 31 | 19 | 4
36 | 41 | 42 | 21
6 | 2 | 27 | 39 | 36 | 19 | 47
0 | 29 | 41 | 17 | 36
10 | 41 | 34 | 17 | 36 | 19
5 | 6 | 44 | 27 | 39 | 36 | 19
10 | 1 | 6 | 41 | 23 | 36
37 | 14 | 1 | 6 | 41 | 44 | 31
37 | 6 | 2 | 39 | 30 | 19 | 47
0 | 37 | 17 | 44 | 31 | 11
14 | 29 | 45 | 18 | 36
20 | 1 | 6 | 38 | 17 | 26 | 36
37 | 13 | 40 | 26 | 19 | 15
25 | 20 | 1 | 6 | 41 | 17
10 | 6 | 45 | 35 | 36 | 19
36 | 11 | 0 | 15
25 | 14 | 20 | 1 | 6 | 41
5 | 41 | 18 | 16 | 36
0 | 37 | 14 | 16 | 40 | 26
14 | 20 | 34 | 39 | 43 | 36
42 | 25 | 14 | 41 | 16
38 | 9 | 22 | 16 | 26 | 36 | 47
10 | 17 | 22 | 43 | 26 | 36
42 | 38 | 16 | 26 | 23 | 36
0 | 10 | 41 | 17 | 36
14 | 1 | 6 | 27 | 39 | 16 | 36
13 | 41 | 36 | 19 | 15
5 | 29 | 13 | 45 | 36 | 19
5 | 24 | 45 | 16 | 36
1 | 13 | 44 | 27 | 39 | 23 | 36
37 | 46 | 1 | 41 | 22 | 31
37 | 12 | 39 | 30 | 19 | 4
0 | 41 | 35 | 16 | 36
1 | 32 | 22 | 36 | 15
41 | 25 | 18 | 15
46 | 1 | 41 | 34 | 36
5 | 9 | 41 | 22 | 44 | 36
37 | 6 | 9 | 41 | 31 | 15
10 | 25 | 1 | 6 | 41 | 17
42 | 25 | 20 | 17 | 11
25 | 1 | 13 | 45 | 16 | 23
41 | 25 | 42 | 21
0 | 37 | 21 | 39 | 30
29 | 1 | 22 | 11 | 36 | 47
37 | 46 | 41 | 7 | 31
10 | 41 | 34 | 36 | 19 | 47
5 | 20 | 9 | 34 | 45 | 36
6 | 38 | 2 | 26 | 36 | 19 | 47
9 | 2 | 17 | 22 | 27 | 39 | 36
5 | 42 | 29 | 41 | 36
25 | 20 | 1 | 13 | 41 | 47
37 | 6 | 9 | 41 | 16 | 31 | 23
6 | 11 | 36 | 19 | 15
14 | 28 | 41 | 16 | 36 | 4
5 | 25 | 44 | 18 | 11
42 | 29 | 41 | 23 | 36
37 | 13 | 39 | 3 | 30 | 19
37 | 14 | 6 | 2 | 45 | 31 | 19
25 | 14 | 1 | 6 | 41 | 44
5 | 6 | 9 | 41 | 16 | 36
25 | 14 | 1 | 41 | 22 | 16
9 | 2 | 32 | 22 | 36 | 47
10 | 38 | 17 | 18 | 26 | 36
6 | 9 | 27 | 39 | 16 | 36 | 47
25 | 1 | 6 | 41 | 17 | 44
0 | 37 | 20 | 17 | 31 | 11
9 | 41 | 2 | 17 | 22 | 36
33 | 45 | 36 | 19 | 4
14 | 38 | 44 | 26 | 36 | 19 | 4
37 | 1 | 13 | 41 | 16 | 31 | 23
37 | 1 | 6 | 41 | 31 | 15
9 | 32 | 16 | 36 | 4 | 47
37 | 6 | 39 | 16 | 30 | 19 | 47
0 | 27 | 39 | 16 | 23 | 36
42 | 29 | 41 | 17 | 36
42 | 14 | 20 | 32 | 36
38 | 2 | 7 | 26 | 23 | 36
46 | 28 | 41 | 22 | 36
37 | 1 | 21 | 13 | 45 | 31
38 | 13 | 2 | 26 | 36 | 19 | 47
1 | 34 | 16 | 11 | 36 | 47
1 | 21 | 13 | 45 | 36
5 | 38 | 44 | 7 | 26 | 36
36 | 41 | 7 | 21
6 | 2 | 43 | 26 | 23 | 36
0 | 10 | 37 | 39 | 23 | 30
25 | 6 | 41 | 16 | 19 | 47
0 | 14 | 27 | 39 | 16 | 36
29 | 1 | 6 | 41 | 17 | 36
5 | 42 | 29 | 11 | 36
1 | 34 | 16 | 11 | 23 | 36
10 | 42 | 37 | 17 | 40 | 26
20 | 9 | 32 | 17 | 36 | 4
10 | 37 | 1 | 6 | 41 | 31 | 23
36 | 26 | 38 | 8
5 | 20 | 6 | 43 | 26 | 36
5 | 42 | 37 | 20 | 40 | 26
41 | 18 | 16 | 36 | 47
0 | 10 | 25 | 41 | 17
37 | 6 | 45 | 3 | 31 | 19
37 | 45 | 12 | 18 | 31
6 | 28 | 41 | 12 | 36
5 | 25 | 13 | 41 | 44 | 19
6 | 45 | 3 | 36 | 19
14 | 1 | 6 | 41 | 44 | 36
6 | 9 | 32 | 3 | 36
37 | 9 | 22 | 16 | 40 | 26 | 47
1 | 41 | 22 | 16 | 36 | 47
37 | 6 | 31 | 11 | 19 | 15
0 | 16 | 11 | 36 | 47
5 | 20 | 34 | 39 | 43 | 36
0 | 29 | 11 | 23 | 36
29 | 41 | 17 | 7 | 36
37 | 9 | 45 | 31 | 4 | 15
37 | 6 | 41 | 16 | 31 | 19 | 47
6 | 28 | 2 | 45 | 17 | 36
46 | 13 | 32 | 36 | 19
37 | 6 | 9 | 17 | 44 | 40 | 26
6 | 28 | 2 | 11 | 23 | 36
29 | 6 | 41 | 17 | 36 | 19
5 | 28 | 13 | 45 | 16 | 36
5 | 9 | 34 | 45 | 16 | 36
20 | 1 | 6 | 45 | 35 | 36
20 | 1 | 38 | 13 | 17 | 26 | 36
9 | 41 | 34 | 3 | 36
6 | 28 | 11 | 36 | 15
28 | 13 | 41 | 16 | 36 | 47
14 | 29 | 1 | 6 | 41 | 36
16 | 43 | 26 | 23 | 36 | 4
25 | 46 | 9 | 41 | 22
5 | 20 | 6 | 28 | 41 | 36
0 | 37 | 16 | 40 | 26 | 47
37 | 20 | 41 | 7 | 31 | 47
0 | 45 | 16 | 23 | 36
38 | 21 | 7 | 26 | 36
10 | 37 | 1 | 6 | 39 | 23 | 30
37 | 9 | 22 | 39 | 30 | 15
13 | 32 | 17 | 44 | 36 | 19
6 | 2 | 35 | 11 | 36 | 19
6 | 9 | 45 | 3 | 36
37 | 9 | 22 | 39 | 16 | 30 | 47
37 | 20 | 9 | 17 | 40 | 26 | 4
37 | 20 | 6 | 9 | 45 | 17 | 31
25 | 6 | 41 | 2 | 19 | 47
37 | 14 | 6 | 2 | 39 | 30 | 19
5 | 20 | 13 | 43 | 26 | 36
0 | 41 | 44 | 23 | 36
10 | 1 | 41 | 22 | 35 | 36
41 | 7 | 16 | 23 | 36
37 | 1 | 41 | 22 | 12 | 31
13 | 32 | 16 | 36 | 19 | 47
28 | 16 | 11 | 23 | 36 | 4
9 | 27 | 39 | 36 | 4 | 15
41 | 25 | 7 | 3
20 | 6 | 17 | 39 | 43 | 36
21 | 27 | 7 | 39 | 36
1 | 21 | 13 | 41 | 36
36 | 18 | 32 | 46
46 | 1 | 38 | 22 | 26 | 36
10 | 28 | 41 | 23 | 36 | 4
1 | 41 | 34 | 16 | 36 | 47
14 | 6 | 2 | 39 | 43 | 36
5 | 20 | 9 | 41 | 34 | 36
37 | 1 | 6 | 16 | 31 | 11 | 47
10 | 25 | 1 | 45 | 17 | 22
0 | 17 | 44 | 27 | 39 | 36
0 | 37 | 45 | 16 | 31 | 23
25 | 14 | 20 | 1 | 6 | 45
25 | 46 | 1 | 6 | 41
37 | 9 | 16 | 40 | 26 | 23 | 4
14 | 38 | 2 | 18 | 26 | 36
25 | 41 | 2 | 18 | 47
5 | 25 | 45 | 18 | 16
10 | 1 | 6 | 45 | 17 | 36
25 | 41 | 7 | 16 | 23
37 | 6 | 41 | 3 | 31 | 19
37 | 1 | 6 | 44 | 40 | 26 | 23
10 | 37 | 6 | 17 | 40 | 26 | 19
25 | 6 | 16 | 11 | 19 | 47
10 | 37 | 17 | 39 | 31 | 43 | 4
42 | 37 | 31 | 11 | 15
0 | 38 | 16 | 26 | 23 | 36
36 | 41 | 46 | 24
0 | 25 | 17 | 44 | 11
29 | 13 | 41 | 17 | 36 | 19
14 | 1 | 6 | 38 | 16 | 26 | 36
37 | 17 | 44 | 18 | 31 | 11
25 | 6 | 39 | 43 | 15
1 | 22 | 35 | 16 | 11 | 36
20 | 28 | 17 | 11 | 36 | 4
36 | 45 | 18 | 3
37 | 14 | 6 | 45 | 16 | 31 | 19
14 | 1 | 22 | 27 | 39 | 16 | 36
25 | 13 | 41 | 2 | 17 | 19
41 | 17 | 44 | 18 | 36
42 | 41 | 2 | 23 | 36
29 | 18 | 11 | 36 | 47
25 | 1 | 6 | 45 | 16 | 23
37 | 41 | 17 | 44 | 18 | 31
5 | 42 | 20 | 38 | 26 | 36
37 | 13 | 2 | 45 | 17 | 31 | 19
39 | 16 | 43 | 23 | 36 | 4
37 | 20 | 6 | 9 | 41 | 31 | 47
25 | 6 | 9 | 41 | 15
25 | 14 | 20 | 6 | 39 | 43
1 | 38 | 22 | 16 | 26 | 36 | 47
20 | 1 | 13 | 45 | 35 | 36
14 | 41 | 34 | 16 | 36 | 19
1 | 22 | 16 | 11 | 36 | 47
9 | 41 | 35 | 16 | 36 | 4
0 | 37 | 20 | 39 | 30 | 47
0 | 44 | 11 | 23 | 36
25 | 6 | 9 | 41 | 2 | 17
37 | 14 | 44 | 40 | 26 | 19 | 4
10 | 25 | 41 | 18 | 47
1 | 6 | 16 | 11 | 23 | 36
37 | 2 | 17 | 39 | 18 | 30
28 | 2 | 45 | 17 | 22 | 36
14 | 2 | 22 | 39 | 43 | 36
1 | 21 | 13 | 27 | 39 | 36
37 | 41 | 7 | 31 | 15
2 | 34 | 11 | 36 | 19 | 47
14 | 38 | 16 | 26 | 36 | 19 | 4
42 | 20 | 35 | 11 | 36
10 | 34 | 17 | 39 | 43 | 36
14 | 20 | 6 | 39 | 43 | 36
21 | 9 | 45 | 36 | 4
6 | 9 | 2 | 27 | 39 | 36 | 47
37 | 20 | 17 | 7 | 39 | 30
5 | 10 | 34 | 39 | 43 | 36
1 | 34 | 45 | 16 | 23 | 36
6 | 28 | 41 | 3 | 36
20 | 28 | 41 | 36 | 4 | 47
25 | 1 | 21 | 13 | 41
46 | 41 | 34 | 36 | 19
10 | 17 | 39 | 43 | 36 | 4
21 | 13 | 39 | 43 | 36
41 | 7 | 16 | 36 | 47
24 | 2 | 45 | 23 | 36
37 | 7 | 39 | 16 | 23 | 30
25 | 1 | 22 | 16 | 11 | 47
5 | 37 | 9 | 41 | 22 | 44 | 31
0 | 25 | 20 | 41 | 47
20 | 9 | 32 | 36 | 4 | 47
42 | 14 | 27 | 39 | 16 | 36
37 | 20 | 1 | 6 | 31 | 11 | 47
0 | 10 | 17 | 27 | 39 | 36
10 | 25 | 6 | 17 | 39 | 43
10 | 25 | 1 | 6 | 45 | 17
5 | 10 | 37 | 6 | 41 | 31 | 19
37 | 46 | 13 | 41 | 31 | 19
38 | 7 | 16 | 26 | 36 | 47
36 | 41 | 15 | 42
20 | 17 | 39 | 43 | 36 | 4
5 | 42 | 25 | 41 | 16
9 | 41 | 2 | 34 | 23 | 36
25 | 2 | 45 | 17 | 18
10 | 45 | 35 | 36 | 19 | 4
41 | 2 | 35 | 18 | 36
46 | 1 | 13 | 41 | 36
42 | 14 | 38 | 2 | 26 | 36
25 | 20 | 1 | 6 | 41 | 47
14 | 44 | 27 | 39 | 18 | 36
2 | 22 | 39 | 35 | 43 | 36
24 | 14 | 41 | 16 | 36
6 | 39 | 35 | 16 | 43 | 36
11 | 25 | 18 | 46
0 | 37 | 20 | 31 | 11 | 47
37 | 6 | 41 | 31 | 19 | 15
42 | 25 | 41 | 16 | 23
37 | 13 | 17 | 44 | 39 | 30 | 19
24 | 20 | 45 | 17 | 36
46 | 41 | 36 | 19 | 4
25 | 1 | 41 | 22 | 15
10 | 37 | 1 | 22 | 39 | 30 | 47
5 | 25 | 18 | 16 | 11
0 | 10 | 37 | 41 | 31 | 23
20 | 6 | 9 | 32 | 36 | 47
45 | 25 | 7 | 3
25 | 2 | 45 | 17 | 7
42 | 29 | 11 | 23 | 36
37 | 46 | 6 | 9 | 41 | 31
46 | 28 | 41 | 36 | 4
5 | 10 | 6 | 28 | 45 | 36
5 | 10 | 6 | 39 | 43 | 36
28 | 21 | 13 | 45 | 36
37 | 39 | 16 | 30 | 19 | 4 | 47
37 | 6 | 16 | 40 | 26 | 19 | 47
6 | 45 | 35 | 16 | 36 | 19
10 | 34 | 45 | 17 | 36 | 19
25 | 6 | 41 | 19 | 15
37 | 1 | 6 | 31 | 11 | 15
37 | 14 | 1 | 22 | 39 | 16 | 30
5 | 10 | 38 | 18 | 26 | 36
14 | 29 | 1 | 6 | 45 | 36
0 | 37 | 46 | 31 | 11
36 | 41 | 0 | 15
0 | 46 | 38 | 26 | 36
10 | 38 | 17 | 26 | 36 | 19 | 4
0 | 10 | 37 | 39 | 30 | 47
37 | 2 | 39 | 18 | 30 | 47
25 | 41 | 7 | 16 | 47
25 | 6 | 9 | 41 | 2 | 47
25 | 41 | 17 | 44 | 7
41 | 2 | 17 | 18 | 36
1 | 33 | 41 | 22 | 36
25 | 45 | 12 | 19 | 4
25 | 13 | 41 | 16 | 19 | 47
42 | 25 | 20 | 41 | 17
0 | 37 | 16 | 31 | 11 | 23
5 | 37 | 13 | 44 | 39 | 30 | 19
42 | 20 | 32 | 17 | 36
5 | 25 | 20 | 6 | 39 | 43
46 | 6 | 28 | 11 | 36
5 | 6 | 16 | 11 | 36 | 19
38 | 3 | 18 | 26 | 36
5 | 44 | 27 | 7 | 39 | 36
38 | 9 | 44 | 26 | 23 | 36 | 4
5 | 38 | 18 | 16 | 26 | 36
0 | 37 | 39 | 16 | 23 | 30
25 | 6 | 41 | 12 | 19
25 | 41 | 44 | 7 | 23
37 | 3 | 18 | 40 | 26
42 | 37 | 40 | 26 | 15
13 | 41 | 3 | 36 | 19
5 | 10 | 37 | 22 | 39 | 31 | 43
29 | 9 | 41 | 23 | 36 | 4
14 | 6 | 32 | 16 | 36 | 19
28 | 13 | 41 | 2 | 17 | 36
42 | 14 | 20 | 41 | 36
42 | 41 | 16 | 23 | 36
29 | 9 | 45 | 23 | 36 | 4
37 | 2 | 7 | 39 | 23 | 30
28 | 41 | 16 | 23 | 36 | 4
10 | 25 | 1 | 6 | 41 | 23
10 | 25 | 1 | 6 | 45 | 23
5 | 37 | 20 | 13 | 39 | 31 | 43
0 | 25 | 14 | 20 | 45
37 | 6 | 2 | 17 | 39 | 30 | 19
14 | 29 | 6 | 39 | 43 | 36
10 | 37 | 6 | 40 | 26 | 19 | 47
10 | 25 | 1 | 41 | 22 | 47
25 | 17 | 44 | 18 | 11
25 | 1 | 6 | 41 | 12
14 | 2 | 22 | 43 | 26 | 36
20 | 1 | 13 | 32 | 17 | 36
37 | 6 | 2 | 17 | 39 | 31 | 43
10 | 37 | 1 | 6 | 41 | 17 | 31
25 | 1 | 13 | 41 | 16 | 47
33 | 9 | 41 | 22 | 36
37 | 46 | 31 | 11 | 19 | 4
37 | 21 | 45 | 7 | 31
36 | 41 | 42 | 12
5 | 25 | 20 | 6 | 9 | 41
1 | 6 | 41 | 17 | 44 | 36
6 | 21 | 9 | 32 | 36
37 | 41 | 16 | 31 | 19 | 4 | 47
44 | 35 | 18 | 11 | 36
14 | 38 | 44 | 18 | 26 | 36
1 | 41 | 34 | 12 | 36
37 | 6 | 9 | 3 | 40 | 26
25 | 14 | 6 | 2 | 45 | 19
5 | 37 | 39 | 18 | 16 | 30
29 | 13 | 17 | 39 | 43 | 36
14 | 2 | 32 | 18 | 36
5 | 13 | 44 | 27 | 39 | 36 | 19
10 | 25 | 17 | 39 | 43 | 4
37 | 9 | 44 | 40 | 26 | 23 | 4
37 | 31 | 11 | 19 | 4 | 15
10 | 32 | 17 | 18 | 36
14 | 41 | 34 | 44 | 36 | 19
0 | 20 | 45 | 17 | 36
14 | 6 | 45 | 16 | 36 | 19
42 | 25 | 2 | 11 | 23
42 | 37 | 2 | 39 | 23 | 30
25 | 6 | 9 | 41 | 16 | 23
0 | 37 | 41 | 31 | 15
20 | 17 | 43 | 26 | 36 | 4
13 | 2 | 43 | 26 | 23 | 36
5 | 37 | 20 | 6 | 39 | 31 | 43
36 | 45 | 21 | 24
10 | 25 | 6 | 41 | 19 | 47
10 | 22 | 39 | 35 | 43 | 36
42 | 14 | 2 | 32 | 36
9 | 32 | 44 | 23 | 36 | 4
29 | 6 | 9 | 45 | 17 | 36
5 | 37 | 20 | 6 | 9 | 41 | 31
32 | 17 | 44 | 18 | 36
37 | 46 | 6 | 31 | 11 | 19
20 | 6 | 9 | 41 | 17 | 36
25 | 16 | 11 | 19 | 4 | 47
36 | 32 | 8
42 | 25 | 2 | 17 | 11
37 | 1 | 22 | 39 | 16 | 30 | 47
28 | 21 | 41 | 36 | 4
10 | 17 | 22 | 39 | 43 | 36
29 | 39 | 43 | 23 | 36 | 4
28 | 13 | 41 | 2 | 23 | 36
37 | 46 | 7 | 39 | 30
5 | 42 | 37 | 39 | 16 | 30
37 | 6 | 9 | 41 | 2 | 17 | 31
37 | 17 | 44 | 7 | 40 | 26
1 | 17 | 22 | 44 | 27 | 39 | 36
10 | 41 | 35 | 36 | 19 | 4
25 | 6 | 39 | 3 | 43
38 | 18 | 16 | 26 | 36 | 47
42 | 37 | 2 | 40 | 26 | 23
36 | 45 | 7 | 3
34 | 45 | 36 | 19 | 15
6 | 38 | 12 | 26 | 36 | 19
25 | 20 | 9 | 41 | 4 | 47
39 | 43 | 36 | 4 | 15
10 | 37 | 18 | 40 | 26 | 47
1 | 6 | 41 | 12 | 36
1 | 6 | 32 | 12 | 36
14 | 6 | 16 | 43 | 26 | 36
6 | 9 | 32 | 44 | 23 | 36
13 | 27 | 39 | 16 | 36 | 19 | 47
34 | 45 | 12 | 36 | 19
5 | 25 | 6 | 41 | 44 | 19
42 | 37 | 39 | 16 | 23 | 30
36 | 45 | 7 | 33
0 | 37 | 41 | 16 | 31 | 47
38 | 13 | 3 | 26 | 36 | 19
1 | 34 | 45 | 36 | 15
38 | 21 | 9 | 26 | 36 | 4
10 | 24 | 45 | 23 | 36
37 | 6 | 9 | 2 | 40 | 26 | 23
20 | 6 | 28 | 45 | 17 | 36
5 | 37 | 22 | 39 | 16 | 31 | 43
10 | 42 | 27 | 39 | 23 | 36
6 | 17 | 44 | 11 | 36 | 19
5 | 37 | 6 | 41 | 16 | 31 | 19
42 | 38 | 26 | 36 | 15
37 | 6 | 39 | 31 | 43 | 15
5 | 25 | 9 | 41 | 22 | 44
5 | 6 | 9 | 44 | 27 | 39 | 36
37 | 14 | 1 | 6 | 41 | 16 | 31
37 | 20 | 9 | 41 | 17 | 31 | 4
14 | 29 | 45 | 36 | 19 | 4
25 | 6 | 9 | 45 | 3
25 | 45 | 7 | 16 | 23
14 | 20 | 28 | 41 | 36 | 4
0 | 37 | 20 | 17 | 39 | 30
0 | 37 | 17 | 44 | 39 | 30
0 | 14 | 41 | 16 | 36
10 | 42 | 37 | 39 | 23 | 30
10 | 42 | 32 | 17 | 36
14 | 1 | 41 | 34 | 44 | 36
6 | 9 | 41 | 2 | 36 | 47
41 | 25 | 7 | 46
10 | 25 | 41 | 17 | 18
9 | 45 | 16 | 23 | 36 | 4
37 | 2 | 7 | 39 | 30 | 47
5 | 25 | 6 | 16 | 11 | 19
0 | 37 | 46 | 40 | 26
5 | 10 | 41 | 18 | 36
10 | 25 | 45 | 17 | 19 | 4
6 | 38 | 21 | 9 | 26 | 36
37 | 46 | 1 | 22 | 40 | 26
5 | 6 | 16 | 43 | 26 | 36
5 | 20 | 45 | 7 | 36
5 | 6 | 28 | 45 | 16 | 36
20 | 41 | 17 | 7 | 36
37 | 46 | 1 | 22 | 39 | 30
10 | 39 | 43 | 23 | 36 | 4
5 | 29 | 9 | 45 | 22 | 36
36 | 45 | 18 | 15
13 | 2 | 45 | 35 | 36 | 19
0 | 37 | 41 | 44 | 31 | 23
25 | 6 | 2 | 11 | 19 | 47
1 | 6 | 27 | 39 | 16 | 36 | 47
5 | 45 | 7 | 16 | 36
10 | 6 | 28 | 45 | 17 | 36
1 | 13 | 27 | 39 | 36 | 15
6 | 32 | 12 | 36 | 19
5 | 6 | 38 | 44 | 26 | 36 | 19
9 | 32 | 17 | 22 | 44 | 36
37 | 46 | 6 | 39 | 30 | 19
27 | 39 | 18 | 16 | 36 | 47
0 | 32 | 16 | 36 | 47
5 | 37 | 20 | 41 | 7 | 31
0 | 10 | 45 | 17 | 36
25 | 9 | 41 | 22 | 3
37 | 20 | 6 | 9 | 17 | 40 | 26
37 | 16 | 40 | 26 | 19 | 4 | 47
0 | 37 | 41 | 16 | 31 | 23
0 | 10 | 32 | 17 | 36
1 | 45 | 22 | 36 | 15
5 | 37 | 6 | 9 | 16 | 40 | 26
5 | 42 | 27 | 39 | 16 | 36
10 | 45 | 17 | 36 | 19 | 4
38 | 12 | 18 | 26 | 36
20 | 6 | 28 | 41 | 17 | 36
2 | 27 | 39 | 18 | 36 | 47
25 | 20 | 1 | 6 | 45 | 17
5 | 37 | 6 | 9 | 41 | 44 | 31
1 | 22 | 27 | 39 | 16 | 36 | 47
42 | 37 | 14 | 41 | 2 | 31
36 | 41 | 3 | 24
20 | 32 | 7 | 36 | 47
37 | 7 | 40 | 26 | 15
6 | 9 | 2 | 45 | 23 | 36
6 | 9 | 41 | 35 | 16 | 36
6 | 33 | 45 | 36 | 19
25 | 1 | 6 | 41 | 16 | 47
25 | 13 | 45 | 19 | 15
5 | 20 | 6 | 39 | 43 | 36
37 | 7 | 3 | 40 | 26
0 | 14 | 38 | 16 | 26 | 36
0 | 14 | 44 | 27 | 39 | 36
5 | 10 | 42 | 37 | 39 | 30
1 | 13 | 32 | 44 | 23 | 36
21 | 9 | 41 | 34 | 36
6 | 9 | 2 | 32 | 23 | 36
10 | 6 | 28 | 41 | 17 | 36
1 | 6 | 44 | 11 | 23 | 36
14 | 2 | 45 | 18 | 36
46 | 9 | 32 | 36 | 4
25 | 14 | 6 | 41 | 16 | 19
37 | 6 | 2 | 17 | 40 | 26 | 19
36 | 32 | 7 | 46
36 | 32 | 15 | 42
37 | 13 | 2 | 17 | 40 | 26 | 19
46 | 28 | 11 | 36 | 4
29 | 13 | 45 | 17 | 36 | 19
1 | 13 | 32 | 16 | 23 | 36
42 | 20 | 41 | 17 | 36
25 | 6 | 9 | 45 | 16 | 23
29 | 45 | 17 | 36 | 19 | 4
10 | 37 | 1 | 22 | 40 | 26 | 47
37 | 46 | 6 | 40 | 26 | 19
37 | 14 | 41 | 44 | 18 | 31
37 | 6 | 41 | 2 | 17 | 31 | 19
5 | 20 | 6 | 9 | 41 | 36
10 | 28 | 41 | 36 | 4 | 47
42 | 37 | 21 | 40 | 26
10 | 1 | 38 | 22 | 26 | 36 | 47
37 | 14 | 20 | 1 | 6 | 39 | 30
1 | 13 | 45 | 36 | 15
37 | 6 | 9 | 2 | 39 | 23 | 30
24 | 41 | 16 | 36 | 47
37 | 1 | 13 | 41 | 44 | 31 | 23
5 | 37 | 6 | 9 | 39 | 16 | 30
37 | 1 | 41 | 22 | 31 | 15
14 | 29 | 41 | 18 | 36
38 | 2 | 17 | 7 | 26 | 36
36 | 41 | 15 | 24
37 | 1 | 6 | 21 | 31 | 11
1 | 38 | 13 | 16 | 26 | 36 | 47
37 | 9 | 41 | 2 | 22 | 31 | 47
5 | 6 | 28 | 44 | 11 | 36
0 | 10 | 45 | 23 | 36
42 | 14 | 20 | 27 | 39 | 36
46 | 6 | 38 | 9 | 26 | 36
46 | 38 | 18 | 26 | 36
37 | 41 | 12 | 31 | 19 | 4
1 | 6 | 45 | 35 | 16 | 36
37 | 1 | 13 | 41 | 16 | 31 | 47
17 | 44 | 27 | 39 | 18 | 36
5 | 27 | 39 | 18 | 16 | 36
25 | 9 | 45 | 4 | 15
14 | 6 | 28 | 41 | 44 | 36
37 | 46 | 1 | 6 | 40 | 26
37 | 20 | 6 | 9 | 17 | 39 | 30
20 | 1 | 13 | 32 | 36 | 47
10 | 1 | 38 | 17 | 22 | 26 | 36
6 | 9 | 2 | 27 | 39 | 23 | 36
9 | 2 | 22 | 27 | 39 | 36 | 47
5 | 37 | 41 | 7 | 16 | 31
37 | 6 | 21 | 9 | 45 | 31
5 | 6 | 28 | 41 | 44 | 36
37 | 1 | 6 | 16 | 40 | 26 | 47
37 | 20 | 1 | 6 | 17 | 39 | 30
5 | 20 | 38 | 7 | 26 | 36
5 | 10 | 45 | 18 | 36
5 | 29 | 6 | 11 | 36 | 19
37 | 20 | 1 | 6 | 41 | 17 | 31
28 | 44 | 11 | 23 | 36 | 4
37 | 20 | 9 | 17 | 39 | 30 | 4
25 | 14 | 1 | 41 | 22 | 44
1 | 21 | 34 | 11 | 36
2 | 35 | 18 | 11 | 36
25 | 9 | 41 | 2 | 22 | 47
2 | 34 | 17 | 11 | 36 | 19
20 | 1 | 41 | 34 | 36 | 47
5 | 38 | 44 | 18 | 26 | 36
10 | 37 | 39 | 18 | 30 | 47
32 | 17 | 44 | 36 | 19 | 4
1 | 6 | 41 | 16 | 23 | 36
10 | 37 | 1 | 6 | 45 | 31 | 23
20 | 28 | 13 | 45 | 17 | 36
46 | 13 | 41 | 36 | 19
42 | 27 | 12 | 39 | 36
1 | 33 | 13 | 45 | 36
25 | 9 | 45 | 16 | 23 | 4
5 | 37 | 9 | 41 | 22 | 16 | 31
37 | 12 | 39 | 18 | 30
10 | 37 | 1 | 6 | 41 | 31 | 47
25 | 13 | 41 | 3 | 19
37 | 13 | 3 | 40 | 26 | 19
1 | 13 | 32 | 17 | 44 | 36
5 | 20 | 28 | 13 | 45 | 36
5 | 37 | 44 | 18 | 31 | 11
37 | 14 | 45 | 16 | 31 | 19 | 4
6 | 2 | 11 | 36 | 19 | 47
20 | 6 | 28 | 11 | 36 | 47
5 | 22 | 39 | 16 | 43 | 36
36 | 32 | 42 | 3
35 | 16 | 11 | 36 | 19 | 4
6 | 39 | 43 | 36 | 15
6 | 2 | 45 | 35 | 36 | 19
42 | 37 | 14 | 2 | 40 | 26
38 | 13 | 2 | 17 | 26 | 36 | 19
38 | 9 | 22 | 3 | 26 | 36
2 | 32 | 17 | 7 | 36
0 | 37 | 39 | 30 | 15
6 | 41 | 2 | 36 | 19 | 47
37 | 1 | 22 | 39 | 30 | 15
0 | 32 | 44 | 23 | 36
6 | 9 | 2 | 32 | 17 | 36
37 | 41 | 2 | 17 | 18 | 31
14 | 32 | 16 | 36 | 19 | 4
1 | 13 | 27 | 39 | 16 | 23 | 36
5 | 37 | 6 | 45 | 16 | 31 | 19
5 | 34 | 39 | 16 | 43 | 36
0 | 37 | 14 | 41 | 16 | 31
0 | 20 | 38 | 17 | 26 | 36
9 | 41 | 34 | 44 | 23 | 36
2 | 32 | 18 | 36 | 47
6 | 27 | 39 | 36 | 19 | 15
37 | 6 | 9 | 41 | 44 | 31 | 23
42 | 37 | 3 | 40 | 26
6 | 41 | 17 | 44 | 36 | 19
37 | 14 | 1 | 22 | 16 | 40 | 26
25 | 6 | 21 | 9 | 45
20 | 6 | 9 | 41 | 35 | 36
5 | 10 | 37 | 6 | 39 | 31 | 43
37 | 1 | 45 | 22 | 31 | 15
5 | 25 | 6 | 39 | 16 | 43
10 | 1 | 41 | 34 | 36 | 47
29 | 9 | 41 | 36 | 4 | 47
24 | 14 | 20 | 45 | 36
6 | 38 | 9 | 26 | 36 | 15
13 | 2 | 17 | 43 | 26 | 36
42 | 37 | 14 | 20 | 40 | 26
10 | 37 | 6 | 39 | 30 | 19 | 47
28 | 41 | 22 | 3 | 36
5 | 28 | 22 | 44 | 11 | 36
0 | 25 | 20 | 45 | 17
10 | 6 | 28 | 41 | 36 | 47
29 | 1 | 13 | 45 | 23 | 36
20 | 13 | 39 | 35 | 43 | 36
46 | 34 | 11 | 36 | 19
37 | 6 | 9 | 39 | 3 | 30
5 | 37 | 18 | 16 | 31 | 11
13 | 2 | 45 | 17 | 36 | 19
45 | 35 | 18 | 16 | 36
33 | 9 | 41 | 36 | 4
36 | 32 | 42 | 21
37 | 14 | 41 | 18 | 16 | 31
0 | 37 | 45 | 12 | 31
10 | 38 | 18 | 26 | 36 | 47
1 | 21 | 34 | 45 | 36
10 | 41 | 35 | 18 | 36
0 | 37 | 14 | 44 | 39 | 30
10 | 1 | 6 | 17 | 27 | 39 | 36
21 | 13 | 43 | 26 | 36
0 | 25 | 41 | 16 | 47
5 | 29 | 13 | 41 | 36 | 19
28 | 13 | 41 | 36 | 15
22 | 3 | 43 | 26 | 36
0 | 44 | 27 | 39 | 23 | 36
38 | 9 | 26 | 36 | 4 | 15
29 | 1 | 6 | 45 | 17 | 36
37 | 14 | 2 | 18 | 40 | 26
25 | 17 | 44 | 11 | 19 | 4
42 | 37 | 21 | 41 | 31
36 | 41 | 42 | 3
37 | 1 | 22 | 16 | 40 | 26 | 47
22 | 39 | 35 | 16 | 43 | 36
37 | 1 | 6 | 44 | 31 | 11 | 23
6 | 39 | 3 | 43 | 36
5 | 10 | 25 | 45 | 18
38 | 7 | 3 | 26 | 36
0 | 20 | 17 | 11 | 36
10 | 1 | 6 | 41 | 36 | 47
28 | 41 | 22 | 12 | 36
1 | 34 | 45 | 12 | 36
11 | 25 | 0 | 46
5 | 6 | 41 | 16 | 36 | 19
25 | 6 | 9 | 41 | 3
37 | 20 | 1 | 6 | 40 | 26 | 47
37 | 18 | 31 | 11 | 15
37 | 13 | 39 | 3 | 31 | 43
0 | 25 | 14 | 45 | 16
42 | 37 | 14 | 41 | 16 | 31
37 | 9 | 44 | 39 | 23 | 30 | 4
5 | 32 | 44 | 18 | 36
0 | 37 | 21 | 41 | 31
37 | 46 | 1 | 13 | 40 | 26
0 | 10 | 45 | 35 | 36
18 | 16 | 11 | 36 | 47
37 | 9 | 41 | 22 | 16 | 31 | 47
38 | 18 | 26 | 36 | 15
20 | 6 | 9 | 41 | 36 | 47
5 | 41 | 44 | 18 | 36
32 | 17 | 44 | 7 | 36
25 | 45 | 19 | 4 | 15
5 | 24 | 41 | 44 | 36
37 | 44 | 7 | 40 | 26 | 23
10 | 25 | 17 | 22 | 39 | 43
5 | 34 | 44 | 11 | 36 | 19
0 | 27 | 39 | 36 | 15
37 | 9 | 45 | 16 | 31 | 23 | 4
5 | 29 | 41 | 18 | 36
37 | 1 | 45 | 22 | 12 | 31
37 | 13 | 39 | 16 | 31 | 43 | 23
2 | 32 | 17 | 18 | 36
24 | 14 | 45 | 16 | 36
37 | 14 | 22 | 39 | 16 | 31 | 43
28 | 21 | 11 | 36 | 4
6 | 9 | 45 | 36 | 15
46 | 38 | 13 | 26 | 36 | 19
5 | 42 | 20 | 41 | 36
37 | 39 | 30 | 8
5 | 10 | 42 | 32 | 36
0 | 21 | 27 | 39 | 36
28 | 41 | 2 | 17 | 22 | 36
11 | 25 | 42 | 3
20 | 6 | 17 | 43 | 26 | 36
37 | 14 | 6 | 41 | 2 | 31 | 19
10 | 42 | 37 | 17 | 39 | 30
0 | 32 | 17 | 44 | 36
45 | 25 | 8
25 | 21 | 9 | 45 | 4
41 | 25 | 15 | 7
14 | 1 | 41 | 22 | 44 | 36
37 | 9 | 22 | 3 | 40 | 26
20 | 6 | 9 | 17 | 27 | 39 | 36
5 | 29 | 45 | 18 | 36
5 | 37 | 20 | 45 | 7 | 31
20 | 1 | 34 | 17 | 11 | 36
5 | 20 | 6 | 9 | 45 | 36
10 | 37 | 1 | 6 | 40 | 26 | 47
5 | 42 | 25 | 20 | 11
14 | 28 | 41 | 2 | 22 | 36
5 | 28 | 13 | 41 | 16 | 36
37 | 1 | 13 | 45 | 16 | 31 | 23
20 | 9 | 41 | 34 | 17 | 36
5 | 37 | 20 | 6 | 9 | 40 | 26
42 | 37 | 41 | 3 | 31
5 | 10 | 27 | 39 | 18 | 36
37 | 13 | 41 | 16 | 31 | 19 | 47
5 | 13 | 41 | 44 | 36 | 19
37 | 20 | 9 | 41 | 31 | 4 | 47
34 | 17 | 44 | 11 | 36 | 19
5 | 20 | 13 | 39 | 43 | 36
25 | 13 | 41 | 2 | 19 | 47
10 | 24 | 45 | 17 | 36
13 | 27 | 39 | 36 | 19 | 15
5 | 25 | 45 | 7 | 16
10 | 1 | 6 | 38 | 26 | 23 | 36
6 | 41 | 12 | 36 | 19
28 | 21 | 13 | 41 | 36
14 | 27 | 39 | 16 | 36 | 19 | 4
1 | 6 | 21 | 27 | 39 | 36
14 | 6 | 27 | 39 | 16 | 36 | 19
45 | 25 | 18 | 12
5 | 9 | 32 | 22 | 16 | 36
46 | 1 | 6 | 41 | 36
41 | 12 | 36 | 19 | 4
14 | 20 | 1 | 34 | 45 | 36
0 | 37 | 12 | 39 | 30
37 | 21 | 13 | 39 | 31 | 43
14 | 29 | 6 | 41 | 36 | 19
46 | 1 | 13 | 27 | 39 | 36
29 | 13 | 39 | 43 | 23 | 36
1 | 13 | 41 | 35 | 16 | 36
25 | 2 | 17 | 18 | 11
0 | 10 | 41 | 35 | 36
25 | 11 | 19 | 4 | 15
13 | 41 | 35 | 16 | 36 | 19
42 | 2 | 32 | 17 | 36
37 | 21 | 9 | 45 | 31 | 4
42 | 25 | 41 | 2 | 17
24 | 41 | 2 | 23 | 36
25 | 13 | 2 | 39 | 43 | 23
28 | 22 | 3 | 11 | 36
5 | 37 | 6 | 39 | 16 | 30 | 19
5 | 37 | 6 | 9 | 41 | 16 | 31
37 | 6 | 9 | 17 | 44 | 39 | 30
37 | 1 | 6 | 39 | 16 | 30 | 47
20 | 28 | 13 | 41 | 36 | 47
5 | 25 | 9 | 41 | 22 | 16
10 | 37 | 40 | 26 | 19 | 4 | 47
1 | 13 | 41 | 16 | 23 | 36
5 | 32 | 44 | 7 | 36
20 | 28 | 45 | 17 | 36 | 4
27 | 7 | 39 | 3 | 36
29 | 9 | 45 | 17 | 36 | 4
25 | 13 | 39 | 16 | 43 | 23
10 | 24 | 41 | 36 | 47
37 | 1 | 6 | 39 | 16 | 23 | 30
37 | 41 | 7 | 3 | 31
37 | 9 | 41 | 22 | 31 | 15
25 | 9 | 2 | 45 | 17 | 22
25 | 9 | 45 | 22 | 15
6 | 45 | 12 | 36 | 19
37 | 6 | 9 | 16 | 40 | 26 | 23
20 | 9 | 41 | 36 | 4 | 47
14 | 1 | 41 | 34 | 16 | 36
37 | 1 | 6 | 17 | 44 | 39 | 30
37 | 1 | 13 | 41 | 17 | 44 | 31
0 | 35 | 16 | 11 | 36
37 | 6 | 45 | 12 | 31 | 19
36 | 11 | 18 | 33
0 | 10 | 37 | 17 | 40 | 26
6 | 9 | 41 | 17 | 44 | 36
6 | 33 | 11 | 36 | 19
25 | 14 | 45 | 16 | 19 | 4
5 | 10 | 6 | 41 | 36 | 19
37 | 14 | 39 | 18 | 16 | 30
0 | 14 | 41 | 44 | 36
32 | 7 | 16 | 36 | 47
6 | 28 | 16 | 11 | 36 | 47
9 | 41 | 2 | 34 | 17 | 36
1 | 6 | 17 | 44 | 27 | 39 | 36
25 | 41 | 17 | 44 | 19 | 4
37 | 2 | 17 | 18 | 40 | 26
0 | 37 | 20 | 40 | 26 | 47
28 | 13 | 41 | 2 | 36 | 47
46 | 28 | 13 | 41 | 36
25 | 14 | 1 | 45 | 22 | 16
9 | 22 | 27 | 39 | 16 | 36 | 47
5 | 25 | 20 | 6 | 9 | 45
29 | 45 | 17 | 7 | 36
37 | 1 | 6 | 41 | 16 | 31 | 47
0 | 14 | 20 | 41 | 36
29 | 1 | 6 | 17 | 11 | 36
0 | 29 | 45 | 23 | 36
10 | 37 | 41 | 17 | 31 | 19 | 4
38 | 26 | 36 | 19 | 4 | 15
25 | 20 | 9 | 41 | 17 | 4
25 | 1 | 6 | 41 | 16 | 23
9 | 27 | 39 | 16 | 36 | 4 | 47
10 | 1 | 34 | 45 | 23 | 36
9 | 41 | 44 | 23 | 36 | 4
20 | 1 | 34 | 45 | 17 | 36
25 | 39 | 43 | 4 | 15
0 | 16 | 11 | 23 | 36
20 | 41 | 7 | 36 | 47
5 | 29 | 13 | 39 | 43 | 36
5 | 27 | 7 | 39 | 16 | 36
5 | 37 | 6 | 9 | 45 | 16 | 31
20 | 9 | 45 | 35 | 36 | 4
14 | 29 | 22 | 39 | 43 | 36
5 | 37 | 20 | 7 | 39 | 30
20 | 1 | 6 | 32 | 36 | 47
11 | 36 | 19 | 4 | 15
25 | 6 | 9 | 41 | 44 | 23
41 | 44 | 7 | 23 | 36
0 | 10 | 32 | 23 | 36
36 | 41 | 0 | 46
14 | 6 | 32 | 44 | 36 | 19
42 | 27 | 39 | 3 | 36